Date 	Time 	ACLineStatus 	BatteryFlag 	BatteryLifePercent 	BackupBatteryFlag 	BackupBatteryLifePercent 	BatteryVoltage 	BatteryCurrent 	BatteryAverageCurrent 	BatteryAverageInterval 	BatterymAHourConsumed 	BatteryTemperature 	BackupBatteryVoltage 	estimated BattLife(for 2200 mAh) 	wifi 	phone 	BT 	bkl
05.06.2005 	07:02:32 	0000 	0001 	0071 	0009 	0100 	3944 	306 	306 	5120 	0 	300 	2316 	07:11 	 0 	 0 	 1 	 3
05.06.2005 	07:03:32 	0000 	0001 	0071 	0009 	0100 	3944 	304 	304 	5120 	0 	300 	2318 	07:14 	 0 	 0 	 1 	 3
05.06.2005 	07:04:32 	0000 	0001 	0071 	0009 	0100 	3941 	304 	304 	5120 	0 	300 	2317 	07:14 	 0 	 0 	 1 	 3
05.06.2005 	07:05:32 	0000 	0001 	0068 	0009 	0100 	3922 	310 	310 	5120 	0 	300 	2318 	07:05 	 1 	 0 	 1 	 3
05.06.2005 	07:06:32 	0000 	0001 	0070 	0009 	0100 	3925 	394 	394 	5120 	0 	300 	2317 	05:35 	 1 	 0 	 1 	 3
05.06.2005 	07:07:32 	0000 	0001 	0070 	0009 	0100 	3922 	403 	403 	5120 	0 	300 	2320 	05:27 	 1 	 0 	 1 	 3
05.06.2005 	07:08:33 	0000 	0001 	0069 	0009 	0100 	3917 	405 	405 	5120 	0 	300 	2318 	05:25 	 1 	 0 	 1 	 3
05.06.2005 	07:09:33 	0000 	0001 	0070 	0009 	0100 	3925 	386 	386 	5120 	0 	300 	2318 	05:41 	 1 	 0 	 1 	 3
05.06.2005 	07:10:33 	0000 	0001 	0068 	0009 	0100 	3909 	388 	388 	5120 	0 	300 	2317 	05:40 	 1 	 0 	 1 	 3
05.06.2005 	07:11:33 	0000 	0001 	0069 	0009 	0100 	3914 	409 	409 	5120 	0 	300 	2317 	05:22 	 1 	 0 	 1 	 3
05.06.2005 	07:12:33 	0000 	0001 	0067 	0009 	0100 	3906 	404 	404 	5120 	0 	300 	2318 	05:26 	 1 	 0 	 1 	 3
05.06.2005 	07:13:33 	0000 	0001 	0067 	0009 	0100 	3906 	378 	378 	5120 	0 	300 	2317 	05:49 	 1 	 0 	 1 	 3
05.06.2005 	07:14:33 	0000 	0001 	0066 	0009 	0100 	3884 	495 	495 	5120 	0 	300 	2318 	04:26 	 1 	 0 	 1 	 3
05.06.2005 	07:15:33 	0000 	0001 	0065 	0009 	0100 	3879 	502 	502 	5120 	0 	300 	2319 	04:22 	 1 	 0 	 1 	 3
05.06.2005 	07:16:34 	0000 	0001 	0065 	0009 	0100 	3876 	500 	500 	5120 	0 	300 	2317 	04:24 	 1 	 0 	 1 	 3
05.06.2005 	07:17:34 	0000 	0001 	0064 	0009 	0100 	3873 	497 	497 	5120 	0 	300 	2317 	04:25 	 1 	 0 	 1 	 3
05.06.2005 	07:18:34 	0000 	0001 	0064 	0009 	0100 	3884 	410 	410 	5120 	0 	300 	2317 	05:21 	 1 	 0 	 1 	 3
05.06.2005 	07:19:34 	0000 	0001 	0065 	0009 	0100 	3895 	388 	388 	5120 	0 	300 	2318 	05:40 	 1 	 0 	 1 	 3
05.06.2005 	07:20:34 	0000 	0001 	0063 	0009 	0100 	3868 	503 	503 	5120 	0 	300 	2318 	04:22 	 1 	 0 	 1 	 3
05.06.2005 	07:21:34 	0000 	0001 	0063 	0009 	0100 	3881 	393 	393 	5120 	0 	300 	2317 	05:35 	 1 	 0 	 1 	 3
05.06.2005 	07:22:34 	0000 	0001 	0064 	0009 	0100 	3887 	375 	375 	5120 	0 	300 	2317 	05:51 	 1 	 0 	 1 	 3
05.06.2005 	07:23:34 	0000 	0001 	0064 	0009 	0100 	3868 	510 	510 	5120 	0 	300 	2317 	04:18 	 1 	 0 	 1 	 3
05.06.2005 	07:24:34 	0000 	0001 	0062 	0009 	0100 	3865 	479 	479 	5120 	0 	300 	2318 	04:35 	 1 	 0 	 1 	 3
05.06.2005 	07:25:35 	0000 	0001 	0065 	0009 	0100 	3890 	399 	399 	5120 	0 	300 	2319 	05:30 	 1 	 1 	 1 	 3
05.06.2005 	07:26:35 	0000 	0001 	0063 	0009 	0100 	3881 	395 	395 	5120 	0 	300 	2316 	05:34 	 1 	 1 	 1 	 3
05.06.2005 	07:27:35 	0000 	0001 	0063 	0009 	0100 	3884 	371 	371 	5120 	0 	300 	2317 	05:55 	 1 	 1 	 1 	 3
05.06.2005 	07:28:35 	0000 	0001 	0064 	0009 	0100 	3887 	400 	400 	5120 	0 	300 	2318 	05:30 	 1 	 1 	 1 	 3
05.06.2005 	07:29:35 	0000 	0001 	0062 	0009 	0100 	3873 	394 	394 	5120 	0 	300 	2319 	05:35 	 1 	 1 	 1 	 3
05.06.2005 	07:30:35 	0000 	0001 	0061 	0009 	0100 	3854 	511 	511 	5120 	0 	300 	2317 	04:18 	 1 	 1 	 1 	 3
05.06.2005 	07:31:35 	0000 	0001 	0061 	0009 	0100 	3846 	540 	540 	5120 	0 	310 	2317 	04:04 	 1 	 1 	 1 	 3
01.12.2008 	17:57:59 	0000 	0001 	0062 	0009 	0100 	3887 	322 	322 	5120 	0 	310 	2318 	06:49 	 0 	 1 	 1 	 3
01.12.2008 	17:59:00 	0000 	0001 	0063 	0009 	0100 	3890 	319 	319 	5120 	0 	300 	2317 	06:53 	 0 	 1 	 1 	 3
01.12.2008 	18:00:00 	0000 	0001 	0067 	0009 	0100 	3879 	555 	555 	5120 	0 	310 	2319 	03:57 	 1 	 1 	 1 	 3
01.12.2008 	18:01:00 	0000 	0001 	0061 	0009 	0100 	3868 	389 	389 	5120 	0 	310 	2318 	05:39 	 1 	 1 	 1 	 3
01.12.2008 	18:02:00 	0000 	0001 	0062 	0009 	0100 	3873 	409 	409 	5120 	0 	310 	2317 	05:22 	 1 	 1 	 1 	 3
01.12.2008 	18:03:00 	0000 	0001 	0060 	0009 	0100 	3844 	512 	512 	5120 	0 	310 	2316 	04:17 	 1 	 1 	 1 	 3
01.12.2008 	18:04:00 	0000 	0001 	0060 	0009 	0100 	3860 	431 	431 	5120 	0 	310 	2317 	05:06 	 1 	 1 	 1 	 3
01.12.2008 	18:05:00 	0000 	0001 	0061 	0009 	0100 	3871 	394 	394 	5120 	0 	310 	2318 	05:35 	 1 	 0 	 1 	 3
01.12.2008 	18:06:00 	0000 	0001 	0059 	0009 	0100 	3857 	392 	392 	5120 	0 	310 	2317 	05:36 	 1 	 0 	 1 	 3
01.12.2008 	18:07:01 	0000 	0001 	0060 	0009 	0100 	3860 	401 	401 	5120 	0 	310 	2318 	05:29 	 1 	 0 	 1 	 3
01.12.2008 	18:08:01 	0001 	0008 	0100 	0009 	0100 	4185 	1110 	1110 	5120 	0 	320 	2318 	01:58 	 0 	 0 	 1 	 4
01.12.2008 	18:09:01 	0001 	0008 	0100 	0009 	0100 	4190 	1037 	1037 	5120 	0 	330 	2318 	02:07 	 0 	 0 	 1 	 4
01.12.2008 	18:10:01 	0001 	0008 	0100 	0009 	0100 	4193 	988 	988 	5120 	0 	340 	2317 	02:13 	 0 	 0 	 1 	 4
01.12.2008 	18:11:01 	0001 	0008 	0100 	0009 	0100 	4196 	958 	958 	5120 	0 	340 	2318 	02:17 	 0 	 0 	 1 	 4
01.12.2008 	18:12:01 	0001 	0008 	0100 	0009 	0100 	4196 	932 	932 	5120 	0 	340 	2317 	02:21 	 0 	 0 	 1 	 4
01.12.2008 	18:13:01 	0001 	0008 	0100 	0009 	0100 	4196 	911 	911 	5120 	0 	340 	2317 	02:24 	 0 	 0 	 1 	 4
01.12.2008 	18:14:01 	0001 	0008 	0100 	0009 	0100 	4196 	893 	893 	5120 	0 	340 	2318 	02:27 	 0 	 0 	 1 	 4
01.12.2008 	18:15:02 	0001 	0008 	0100 	0009 	0100 	4196 	876 	876 	5120 	0 	340 	2317 	02:30 	 0 	 0 	 1 	 4
01.12.2008 	18:16:02 	0001 	0008 	0100 	0009 	0100 	4196 	859 	859 	5120 	0 	340 	2317 	02:33 	 0 	 0 	 1 	 4
01.12.2008 	18:17:02 	0001 	0008 	0100 	0009 	0100 	4196 	843 	843 	5120 	0 	340 	2318 	02:36 	 0 	 0 	 1 	 4
01.12.2008 	18:18:02 	0001 	0008 	0100 	0009 	0100 	4196 	827 	827 	5120 	0 	340 	2318 	02:39 	 0 	 0 	 1 	 4
01.12.2008 	18:19:31 	0001 	0008 	0100 	0009 	0100 	4196 	804 	804 	5120 	0 	340 	2318 	02:44 	 1 	 0 	 1 	 4
02.12.2008 	00:00:10 	0000 	0001 	0070 	0009 	0100 	3911 	489 	489 	5120 	0 	230 	2319 	04:29 	 1 	 0 	 1 	 3
02.12.2008 	00:01:10 	0000 	0001 	0070 	0009 	0100 	3944 	269 	269 	5120 	0 	230 	2319 	08:10 	 1 	 0 	 1 	 3
02.12.2008 	00:02:10 	0000 	0001 	0071 	0009 	0100 	3944 	284 	284 	5120 	0 	230 	2319 	07:44 	 1 	 0 	 1 	 3
02.12.2008 	00:03:10 	0000 	0001 	0070 	0009 	0100 	3944 	276 	276 	5120 	0 	230 	2318 	07:58 	 1 	 0 	 1 	 3
02.12.2008 	00:04:10 	0000 	0001 	0069 	0009 	0100 	3933 	280 	280 	5120 	0 	240 	2318 	07:51 	 1 	 0 	 1 	 3
02.12.2008 	00:05:10 	0000 	0001 	0070 	0009 	0100 	3944 	274 	274 	5120 	0 	240 	2319 	08:01 	 1 	 0 	 1 	 3
02.12.2008 	00:06:10 	0000 	0001 	0069 	0009 	0100 	3936 	272 	272 	5120 	0 	240 	2318 	08:05 	 1 	 0 	 1 	 3
02.12.2008 	00:07:10 	0000 	0001 	0067 	0009 	0100 	3928 	250 	250 	5120 	0 	240 	2319 	08:48 	 1 	 0 	 1 	 3
02.12.2008 	00:08:11 	0000 	0001 	0069 	0009 	0100 	3933 	272 	272 	5120 	0 	240 	2318 	08:05 	 1 	 0 	 1 	 3
02.12.2008 	00:09:11 	0000 	0001 	0069 	0009 	0100 	3938 	253 	253 	5120 	0 	240 	2317 	08:41 	 1 	 0 	 1 	 3
02.12.2008 	00:10:11 	0000 	0001 	0066 	0009 	0100 	3917 	277 	277 	5120 	0 	240 	2318 	07:56 	 1 	 0 	 1 	 3
02.12.2008 	00:11:11 	0000 	0001 	0069 	0009 	0100 	3933 	273 	273 	5120 	0 	240 	2318 	08:03 	 1 	 0 	 1 	 3
02.12.2008 	00:12:11 	0000 	0001 	0066 	0009 	0100 	3919 	253 	253 	5120 	0 	240 	2318 	08:41 	 1 	 0 	 1 	 3
02.12.2008 	00:13:11 	0000 	0001 	0066 	0009 	0100 	3917 	275 	275 	5120 	0 	240 	2318 	08:00 	 1 	 0 	 1 	 3
02.12.2008 	00:14:11 	0000 	0001 	0067 	0009 	0100 	3928 	253 	253 	5120 	0 	250 	2318 	08:41 	 1 	 0 	 1 	 3
02.12.2008 	00:15:11 	0000 	0001 	0065 	0009 	0100 	3914 	269 	269 	5120 	0 	250 	2317 	08:10 	 1 	 0 	 1 	 3
02.12.2008 	00:16:12 	0000 	0001 	0068 	0009 	0100 	3928 	274 	274 	5120 	0 	250 	2317 	08:01 	 1 	 0 	 1 	 3
02.12.2008 	00:17:12 	0000 	0001 	0066 	0009 	0100 	3919 	277 	277 	5120 	0 	250 	2317 	07:56 	 1 	 0 	 1 	 3
02.12.2008 	00:18:12 	0000 	0001 	0066 	0009 	0100 	3914 	282 	282 	5120 	0 	250 	2318 	07:48 	 1 	 0 	 1 	 3
02.12.2008 	00:19:12 	0000 	0001 	0067 	0009 	0100 	3922 	271 	271 	5120 	0 	250 	2318 	08:07 	 1 	 0 	 1 	 3
02.12.2008 	00:20:12 	0000 	0001 	0064 	0009 	0100 	3911 	257 	257 	5120 	0 	250 	2318 	08:33 	 1 	 0 	 1 	 3
02.12.2008 	00:21:12 	0000 	0001 	0065 	0009 	0100 	3911 	273 	273 	5120 	0 	250 	2318 	08:03 	 1 	 0 	 1 	 3
02.12.2008 	00:22:12 	0000 	0001 	0064 	0009 	0100 	3906 	269 	269 	5120 	0 	250 	2317 	08:10 	 1 	 0 	 1 	 3
02.12.2008 	00:23:12 	0000 	0001 	0064 	0009 	0100 	3906 	281 	281 	5120 	0 	250 	2318 	07:49 	 1 	 0 	 1 	 3
02.12.2008 	00:24:12 	0000 	0001 	0066 	0009 	0100 	3917 	268 	268 	5120 	0 	250 	2317 	08:12 	 1 	 0 	 1 	 3
02.12.2008 	00:25:13 	0000 	0001 	0064 	0009 	0100 	3906 	255 	255 	5120 	0 	250 	2318 	08:37 	 1 	 0 	 1 	 3
02.12.2008 	00:26:13 	0000 	0001 	0066 	0009 	0100 	3917 	268 	268 	5120 	0 	260 	2317 	08:12 	 1 	 0 	 1 	 3
02.12.2008 	00:27:13 	0000 	0001 	0065 	0009 	0100 	3911 	270 	270 	5120 	0 	260 	2318 	08:08 	 1 	 0 	 1 	 3
02.12.2008 	00:28:13 	0000 	0001 	0063 	0009 	0100 	3900 	272 	272 	5120 	0 	260 	2318 	08:05 	 1 	 0 	 1 	 3
02.12.2008 	00:29:13 	0000 	0001 	0066 	0009 	0100 	3914 	278 	278 	5120 	0 	260 	2318 	07:54 	 1 	 0 	 1 	 3
02.12.2008 	00:30:14 	0000 	0001 	0063 	0009 	0100 	3900 	283 	283 	5120 	0 	260 	2318 	07:46 	 1 	 0 	 1 	 3
02.12.2008 	00:31:14 	0000 	0001 	0062 	0009 	0100 	3887 	302 	302 	5120 	0 	260 	2319 	07:17 	 1 	 0 	 1 	 3
02.12.2008 	00:32:14 	0000 	0001 	0064 	0009 	0100 	3906 	253 	253 	5120 	0 	260 	2318 	08:41 	 1 	 0 	 1 	 3
02.12.2008 	00:33:14 	0000 	0001 	0062 	0009 	0100 	3895 	276 	276 	5120 	0 	260 	2319 	07:58 	 1 	 0 	 1 	 3
02.12.2008 	00:34:14 	0000 	0001 	0063 	0009 	0100 	3900 	257 	257 	5120 	0 	260 	2318 	08:33 	 1 	 0 	 1 	 3
02.12.2008 	00:35:14 	0000 	0001 	0063 	0009 	0100 	3898 	281 	281 	5120 	0 	260 	2318 	07:49 	 1 	 0 	 1 	 3
02.12.2008 	00:36:14 	0000 	0001 	0062 	0009 	0100 	3892 	285 	285 	5120 	0 	260 	2318 	07:43 	 1 	 0 	 1 	 3
02.12.2008 	00:37:14 	0000 	0001 	0061 	0009 	0100 	3892 	257 	257 	5120 	0 	260 	2317 	08:33 	 1 	 0 	 1 	 3
02.12.2008 	00:38:14 	0000 	0001 	0064 	0009 	0100 	3895 	332 	332 	5120 	0 	260 	2318 	06:37 	 1 	 0 	 1 	 3
02.12.2008 	00:39:15 	0000 	0001 	0062 	0009 	0100 	3895 	270 	270 	5120 	0 	260 	2318 	08:08 	 1 	 0 	 1 	 3
02.12.2008 	00:40:15 	0000 	0001 	0061 	0009 	0100 	3887 	284 	284 	5120 	0 	260 	2318 	07:44 	 1 	 0 	 1 	 3
02.12.2008 	00:41:15 	0000 	0001 	0064 	0009 	0100 	3903 	273 	273 	5120 	0 	260 	2318 	08:03 	 1 	 0 	 1 	 3
02.12.2008 	00:42:15 	0000 	0001 	0062 	0009 	0100 	3895 	264 	264 	5120 	0 	260 	2318 	08:20 	 1 	 0 	 1 	 3
02.12.2008 	00:43:15 	0000 	0001 	0061 	0009 	0100 	3892 	256 	256 	5120 	0 	260 	2318 	08:35 	 1 	 0 	 1 	 3
02.12.2008 	00:44:15 	0000 	0001 	0063 	0009 	0100 	3898 	270 	270 	5120 	0 	270 	2318 	08:08 	 1 	 0 	 1 	 3
02.12.2008 	00:45:15 	0000 	0001 	0061 	0009 	0100 	3884 	279 	279 	5120 	0 	270 	2318 	07:53 	 1 	 0 	 1 	 3
02.12.2008 	00:46:15 	0000 	0001 	0061 	0009 	0100 	3887 	271 	271 	5120 	0 	270 	2318 	08:07 	 1 	 0 	 1 	 3
02.12.2008 	00:47:16 	0000 	0001 	0062 	0009 	0100 	3890 	285 	285 	5120 	0 	270 	2318 	07:43 	 1 	 0 	 1 	 3
02.12.2008 	00:48:16 	0000 	0001 	0060 	0009 	0100 	3884 	273 	273 	5120 	0 	270 	2317 	08:03 	 1 	 0 	 1 	 3
02.12.2008 	00:49:16 	0000 	0001 	0062 	0009 	0100 	3892 	291 	291 	5120 	0 	270 	2318 	07:33 	 1 	 0 	 1 	 3
02.12.2008 	00:50:16 	0000 	0001 	0060 	0009 	0100 	3884 	273 	273 	5120 	0 	270 	2318 	08:03 	 1 	 0 	 1 	 3
02.12.2008 	00:51:16 	0000 	0001 	0062 	0009 	0100 	3879 	368 	368 	5120 	0 	270 	2318 	05:58 	 1 	 0 	 1 	 3
02.12.2008 	00:52:16 	0000 	0001 	0062 	0009 	0100 	3895 	283 	283 	5120 	0 	270 	2317 	07:46 	 1 	 0 	 1 	 3
02.12.2008 	00:53:16 	0000 	0001 	0059 	0009 	0100 	3876 	275 	275 	5120 	0 	270 	2318 	08:00 	 1 	 0 	 1 	 3
02.12.2008 	00:54:16 	0000 	0001 	0061 	0009 	0100 	3887 	287 	287 	5120 	0 	270 	2317 	07:39 	 1 	 0 	 1 	 3
02.12.2008 	00:55:16 	0000 	0001 	0059 	0009 	0100 	3876 	279 	279 	5120 	0 	270 	2318 	07:53 	 1 	 0 	 1 	 3
02.12.2008 	00:56:17 	0000 	0001 	0059 	0009 	0100 	3873 	272 	272 	5120 	0 	270 	2318 	08:05 	 1 	 0 	 1 	 3
02.12.2008 	00:57:17 	0000 	0001 	0059 	0009 	0100 	3876 	288 	288 	5120 	0 	270 	2317 	07:38 	 1 	 0 	 1 	 3
02.12.2008 	00:58:17 	0000 	0001 	0058 	0009 	0100 	3871 	283 	283 	5120 	0 	270 	2317 	07:46 	 1 	 0 	 1 	 3
02.12.2008 	00:59:17 	0000 	0001 	0061 	0009 	0100 	3887 	264 	264 	5120 	0 	270 	2317 	08:20 	 1 	 0 	 1 	 3
02.12.2008 	01:00:17 	0000 	0001 	0059 	0009 	0100 	3876 	272 	272 	5120 	0 	270 	2317 	08:05 	 1 	 0 	 1 	 3
02.12.2008 	01:01:17 	0000 	0001 	0058 	0009 	0100 	3868 	274 	274 	5120 	0 	270 	2318 	08:01 	 1 	 0 	 1 	 3
02.12.2008 	01:02:17 	0000 	0001 	0061 	0009 	0100 	3884 	278 	278 	5120 	0 	270 	2317 	07:54 	 1 	 0 	 1 	 3
02.12.2008 	01:03:17 	0000 	0001 	0057 	0009 	0100 	3865 	277 	277 	5120 	0 	270 	2318 	07:56 	 1 	 0 	 1 	 3
02.12.2008 	01:04:18 	0000 	0001 	0059 	0009 	0100 	3876 	282 	282 	5120 	0 	270 	2317 	07:48 	 1 	 0 	 1 	 3
02.12.2008 	01:05:18 	0000 	0001 	0059 	0009 	0100 	3873 	279 	279 	5120 	0 	270 	2317 	07:53 	 1 	 0 	 1 	 3
02.12.2008 	01:06:18 	0000 	0001 	0057 	0009 	0100 	3865 	266 	266 	5120 	0 	270 	2317 	08:16 	 1 	 0 	 1 	 3
02.12.2008 	01:07:18 	0000 	0001 	0058 	0009 	0100 	3873 	264 	264 	5120 	0 	270 	2318 	08:20 	 1 	 0 	 1 	 3
02.12.2008 	01:08:18 	0000 	0001 	0057 	0009 	0100 	3865 	268 	268 	5120 	0 	270 	2317 	08:12 	 1 	 0 	 1 	 3
02.12.2008 	01:09:18 	0000 	0001 	0057 	0009 	0100 	3863 	277 	277 	5120 	0 	280 	2318 	07:56 	 1 	 0 	 1 	 3
02.12.2008 	01:10:18 	0000 	0001 	0058 	0009 	0100 	3868 	284 	284 	5120 	0 	280 	2318 	07:44 	 1 	 0 	 1 	 3
02.12.2008 	01:11:18 	0000 	0001 	0056 	0009 	0100 	3857 	270 	270 	5120 	0 	280 	2318 	08:08 	 1 	 0 	 1 	 3
02.12.2008 	01:12:19 	0000 	0001 	0059 	0009 	0100 	3876 	265 	265 	5120 	0 	280 	2317 	08:18 	 1 	 0 	 1 	 3
02.12.2008 	01:13:19 	0000 	0001 	0055 	0009 	0100 	3852 	265 	265 	5120 	0 	280 	2318 	08:18 	 1 	 0 	 1 	 3
02.12.2008 	01:14:19 	0000 	0001 	0057 	0009 	0100 	3865 	280 	280 	5120 	0 	280 	2317 	07:51 	 1 	 0 	 1 	 3
02.12.2008 	01:15:19 	0000 	0001 	0057 	0009 	0100 	3865 	281 	281 	5120 	0 	280 	2317 	07:49 	 1 	 0 	 1 	 3
02.12.2008 	01:16:19 	0000 	0001 	0056 	0009 	0100 	3857 	277 	277 	5120 	0 	280 	2317 	07:56 	 1 	 0 	 1 	 3
02.12.2008 	01:17:19 	0000 	0001 	0057 	0009 	0100 	3863 	283 	283 	5120 	0 	280 	2318 	07:46 	 1 	 0 	 1 	 3
02.12.2008 	01:18:19 	0000 	0001 	0055 	0009 	0100 	3854 	267 	267 	5120 	0 	280 	2317 	08:14 	 1 	 0 	 1 	 3
02.12.2008 	01:19:19 	0000 	0001 	0055 	0009 	0100 	3852 	275 	275 	5120 	0 	280 	2318 	08:00 	 1 	 0 	 1 	 3
02.12.2008 	01:20:20 	0000 	0001 	0057 	0009 	0100 	3860 	284 	284 	5120 	0 	280 	2318 	07:44 	 1 	 0 	 1 	 3
02.12.2008 	01:21:20 	0000 	0001 	0055 	0009 	0100 	3849 	294 	294 	5120 	0 	280 	2318 	07:28 	 1 	 0 	 1 	 3
02.12.2008 	01:22:20 	0000 	0001 	0057 	0009 	0100 	3865 	277 	277 	5120 	0 	280 	2317 	07:56 	 1 	 0 	 1 	 3
02.12.2008 	01:23:20 	0000 	0001 	0056 	0009 	0100 	3852 	294 	294 	5120 	0 	280 	2317 	07:28 	 1 	 0 	 1 	 3
02.12.2008 	01:24:20 	0000 	0001 	0056 	0009 	0100 	3860 	273 	273 	5120 	0 	280 	2318 	08:03 	 1 	 0 	 1 	 3
02.12.2008 	01:25:20 	0000 	0001 	0057 	0009 	0100 	3865 	275 	275 	5120 	0 	280 	2317 	08:00 	 1 	 0 	 1 	 3
02.12.2008 	01:26:20 	0000 	0001 	0055 	0009 	0100 	3849 	272 	272 	5120 	0 	280 	2317 	08:05 	 1 	 0 	 1 	 3
02.12.2008 	01:27:20 	0000 	0001 	0057 	0009 	0100 	3857 	298 	298 	5120 	0 	280 	2318 	07:22 	 1 	 0 	 1 	 3
02.12.2008 	01:28:20 	0000 	0001 	0055 	0009 	0100 	3849 	285 	285 	5120 	0 	280 	2317 	07:43 	 1 	 0 	 1 	 3
02.12.2008 	01:29:21 	0000 	0001 	0054 	0009 	0100 	3846 	261 	261 	5120 	0 	280 	2317 	08:25 	 1 	 0 	 1 	 3
02.12.2008 	01:30:21 	0000 	0001 	0054 	0009 	0100 	3844 	280 	280 	5120 	0 	280 	2317 	07:51 	 1 	 0 	 1 	 3
02.12.2008 	01:31:21 	0000 	0001 	0054 	0009 	0100 	3844 	294 	294 	5120 	0 	280 	2318 	07:28 	 1 	 0 	 1 	 3
02.12.2008 	01:32:21 	0000 	0001 	0055 	0009 	0100 	3844 	304 	304 	5120 	0 	280 	2317 	07:14 	 1 	 0 	 1 	 3
02.12.2008 	01:33:21 	0000 	0001 	0055 	0009 	0100 	3852 	284 	284 	5120 	0 	280 	2317 	07:44 	 1 	 0 	 1 	 3
02.12.2008 	01:34:21 	0000 	0001 	0054 	0009 	0100 	3841 	284 	284 	5120 	0 	280 	2317 	07:44 	 1 	 0 	 1 	 3
02.12.2008 	01:35:21 	0000 	0001 	0056 	0009 	0100 	3854 	289 	289 	5120 	0 	280 	2318 	07:36 	 1 	 0 	 1 	 3
02.12.2008 	01:36:21 	0000 	0001 	0054 	0009 	0100 	3844 	268 	268 	5120 	0 	280 	2318 	08:12 	 1 	 0 	 1 	 3
02.12.2008 	01:37:22 	0000 	0001 	0054 	0009 	0100 	3849 	270 	270 	5120 	0 	280 	2318 	08:08 	 1 	 0 	 1 	 3
02.12.2008 	01:38:22 	0000 	0001 	0056 	0009 	0100 	3857 	271 	271 	5120 	0 	280 	2317 	08:07 	 1 	 0 	 1 	 3
02.12.2008 	01:39:22 	0000 	0001 	0053 	0009 	0100 	3841 	278 	278 	5120 	0 	280 	2318 	07:54 	 1 	 0 	 1 	 3
02.12.2008 	01:40:22 	0000 	0001 	0054 	0009 	0100 	3844 	293 	293 	5120 	0 	280 	2318 	07:30 	 1 	 0 	 1 	 3
02.12.2008 	01:41:22 	0000 	0001 	0052 	0009 	0100 	3833 	275 	275 	5120 	0 	280 	2317 	08:00 	 1 	 0 	 1 	 3
02.12.2008 	01:42:22 	0000 	0001 	0052 	0009 	0100 	3835 	278 	278 	5120 	0 	280 	2318 	07:54 	 1 	 0 	 1 	 3
02.12.2008 	01:43:22 	0000 	0001 	0054 	0009 	0100 	3846 	267 	267 	5120 	0 	280 	2317 	08:14 	 1 	 0 	 1 	 3
02.12.2008 	01:44:22 	0000 	0001 	0053 	0009 	0100 	3835 	285 	285 	5120 	0 	280 	2317 	07:43 	 1 	 0 	 1 	 3
02.12.2008 	01:45:23 	0000 	0001 	0055 	0009 	0100 	3849 	293 	293 	5120 	0 	280 	2318 	07:30 	 1 	 0 	 1 	 3
02.12.2008 	01:46:23 	0000 	0001 	0054 	0009 	0100 	3844 	279 	279 	5120 	0 	280 	2318 	07:53 	 1 	 0 	 1 	 3
02.12.2008 	01:47:23 	0000 	0001 	0053 	0009 	0100 	3838 	287 	287 	5120 	0 	280 	2318 	07:39 	 1 	 0 	 1 	 3
02.12.2008 	01:48:23 	0000 	0001 	0054 	0009 	0100 	3846 	281 	281 	5120 	0 	280 	2317 	07:49 	 1 	 0 	 1 	 3
02.12.2008 	01:49:23 	0000 	0001 	0052 	0009 	0100 	3833 	274 	274 	5120 	0 	280 	2319 	08:01 	 1 	 0 	 1 	 3
02.12.2008 	01:50:23 	0000 	0001 	0053 	0009 	0100 	3838 	288 	288 	5120 	0 	290 	2317 	07:38 	 1 	 0 	 1 	 3
02.12.2008 	01:51:23 	0000 	0001 	0052 	0009 	0100 	3830 	286 	286 	5120 	0 	290 	2317 	07:41 	 1 	 0 	 1 	 3
02.12.2008 	01:52:23 	0000 	0001 	0052 	0009 	0100 	3830 	293 	293 	5120 	0 	290 	2319 	07:30 	 1 	 0 	 1 	 3
02.12.2008 	01:53:23 	0000 	0001 	0053 	0009 	0100 	3835 	285 	285 	5120 	0 	290 	2317 	07:43 	 1 	 0 	 1 	 3
02.12.2008 	01:54:24 	0000 	0001 	0051 	0009 	0100 	3825 	281 	281 	5120 	0 	290 	2317 	07:49 	 1 	 0 	 1 	 3
02.12.2008 	01:55:24 	0000 	0001 	0051 	0009 	0100 	3825 	274 	274 	5120 	0 	290 	2318 	08:01 	 1 	 0 	 1 	 3
02.12.2008 	01:56:24 	0000 	0001 	0053 	0009 	0100 	3838 	265 	265 	5120 	0 	290 	2317 	08:18 	 1 	 0 	 1 	 3
02.12.2008 	01:57:24 	0000 	0001 	0051 	0009 	0100 	3825 	288 	288 	5120 	0 	290 	2317 	07:38 	 1 	 0 	 1 	 3
02.12.2008 	01:58:24 	0000 	0001 	0053 	0009 	0100 	3833 	302 	302 	5120 	0 	290 	2317 	07:17 	 1 	 0 	 1 	 3
02.12.2008 	01:59:24 	0000 	0001 	0052 	0009 	0100 	3830 	282 	282 	5120 	0 	290 	2318 	07:48 	 1 	 0 	 1 	 3
02.12.2008 	02:00:24 	0000 	0001 	0051 	0009 	0100 	3827 	285 	285 	5120 	0 	290 	2317 	07:43 	 1 	 0 	 1 	 3
02.12.2008 	02:01:24 	0000 	0001 	0052 	0009 	0100 	3833 	269 	269 	5120 	0 	290 	2318 	08:10 	 1 	 0 	 1 	 3
02.12.2008 	02:02:25 	0000 	0001 	0050 	0009 	0100 	3822 	273 	273 	5120 	0 	290 	2317 	08:03 	 1 	 0 	 1 	 3
02.12.2008 	02:03:25 	0000 	0001 	0051 	0009 	0100 	3825 	277 	277 	5120 	0 	290 	2317 	07:56 	 1 	 0 	 1 	 3
02.12.2008 	02:04:25 	0000 	0001 	0050 	0009 	0100 	3819 	284 	284 	5120 	0 	290 	2318 	07:44 	 1 	 0 	 1 	 3
02.12.2008 	02:05:25 	0000 	0001 	0050 	0009 	0100 	3819 	284 	284 	5120 	0 	290 	2317 	07:44 	 1 	 0 	 1 	 3
02.12.2008 	02:06:25 	0000 	0001 	0051 	0009 	0100 	3830 	259 	259 	5120 	0 	290 	2317 	08:29 	 1 	 0 	 1 	 3
02.12.2008 	02:07:25 	0000 	0001 	0049 	0009 	0100 	3814 	280 	280 	5120 	0 	290 	2318 	07:51 	 1 	 0 	 1 	 3
02.12.2008 	02:08:25 	0000 	0001 	0051 	0009 	0100 	3827 	276 	276 	5120 	0 	290 	2318 	07:58 	 1 	 0 	 1 	 3
02.12.2008 	02:09:25 	0000 	0001 	0050 	0009 	0100 	3822 	288 	288 	5120 	0 	290 	2318 	07:38 	 1 	 0 	 1 	 3
02.12.2008 	02:10:26 	0000 	0001 	0049 	0009 	0100 	3814 	293 	293 	5120 	0 	290 	2317 	07:30 	 1 	 0 	 1 	 3
02.12.2008 	02:11:26 	0000 	0001 	0051 	0009 	0100 	3830 	274 	274 	5120 	0 	290 	2317 	08:01 	 1 	 0 	 1 	 3
02.12.2008 	02:12:26 	0000 	0001 	0049 	0009 	0100 	3814 	288 	288 	5120 	0 	290 	2318 	07:38 	 1 	 0 	 1 	 3
02.12.2008 	02:13:26 	0000 	0001 	0050 	0009 	0100 	3822 	285 	285 	5120 	0 	290 	2318 	07:43 	 1 	 0 	 1 	 3
02.12.2008 	02:14:26 	0000 	0001 	0048 	0009 	0100 	3806 	290 	290 	5120 	0 	290 	2318 	07:35 	 1 	 0 	 1 	 3
02.12.2008 	02:15:26 	0000 	0001 	0049 	0009 	0100 	3811 	292 	292 	5120 	0 	290 	2317 	07:32 	 1 	 0 	 1 	 3
02.12.2008 	02:16:26 	0000 	0001 	0050 	0009 	0100 	3822 	276 	276 	5120 	0 	290 	2317 	07:58 	 1 	 0 	 1 	 3
02.12.2008 	02:17:26 	0000 	0001 	0049 	0009 	0100 	3811 	288 	288 	5120 	0 	290 	2317 	07:38 	 1 	 0 	 1 	 3
02.12.2008 	02:18:26 	0000 	0001 	0047 	0009 	0100 	3800 	285 	285 	5120 	0 	290 	2318 	07:43 	 1 	 0 	 1 	 3
02.12.2008 	02:19:27 	0000 	0001 	0050 	0009 	0100 	3816 	292 	292 	5120 	0 	290 	2318 	07:32 	 1 	 0 	 1 	 3
02.12.2008 	02:20:27 	0000 	0001 	0047 	0009 	0100 	3803 	296 	296 	5120 	0 	290 	2317 	07:25 	 1 	 0 	 1 	 3
02.12.2008 	02:21:27 	0000 	0001 	0051 	0009 	0100 	3822 	302 	302 	5120 	0 	290 	2317 	07:17 	 1 	 0 	 1 	 3
02.12.2008 	02:22:27 	0000 	0001 	0048 	0009 	0100 	3808 	277 	277 	5120 	0 	290 	2317 	07:56 	 1 	 0 	 1 	 3
02.12.2008 	02:23:27 	0000 	0001 	0048 	0009 	0100 	3808 	281 	281 	5120 	0 	290 	2318 	07:49 	 1 	 0 	 1 	 3
02.12.2008 	02:24:27 	0000 	0001 	0049 	0009 	0100 	3814 	281 	281 	5120 	0 	290 	2318 	07:49 	 1 	 0 	 1 	 3
02.12.2008 	02:25:27 	0000 	0001 	0047 	0009 	0100 	3803 	287 	287 	5120 	0 	290 	2318 	07:39 	 1 	 0 	 1 	 3
02.12.2008 	02:26:27 	0000 	0001 	0046 	0009 	0100 	3781 	396 	396 	5120 	0 	290 	2317 	05:33 	 1 	 0 	 1 	 3
02.12.2008 	02:27:28 	0000 	0001 	0048 	0009 	0100 	3806 	302 	302 	5120 	0 	290 	2317 	07:17 	 1 	 0 	 1 	 3
02.12.2008 	02:28:28 	0000 	0001 	0048 	0009 	0100 	3808 	271 	271 	5120 	0 	290 	2317 	08:07 	 1 	 0 	 1 	 3
02.12.2008 	02:29:28 	0000 	0001 	0047 	0009 	0100 	3803 	283 	283 	5120 	0 	290 	2317 	07:46 	 1 	 0 	 1 	 3
02.12.2008 	02:30:28 	0000 	0001 	0045 	0009 	0100 	3792 	289 	289 	5120 	0 	290 	2317 	07:36 	 1 	 0 	 1 	 3
02.12.2008 	02:31:28 	0000 	0001 	0048 	0009 	0100 	3806 	299 	299 	5120 	0 	290 	2318 	07:21 	 1 	 0 	 1 	 3
02.12.2008 	02:32:28 	0000 	0001 	0048 	0009 	0100 	3806 	280 	280 	5120 	0 	290 	2317 	07:51 	 1 	 0 	 1 	 3
02.12.2008 	02:33:28 	0000 	0001 	0046 	0009 	0100 	3797 	287 	287 	5120 	0 	290 	2317 	07:39 	 1 	 0 	 1 	 3
02.12.2008 	02:34:28 	0000 	0001 	0048 	0009 	0100 	3808 	276 	276 	5120 	0 	290 	2318 	07:58 	 1 	 0 	 1 	 3
02.12.2008 	02:35:29 	0000 	0001 	0045 	0009 	0100 	3792 	268 	268 	5120 	0 	290 	2318 	08:12 	 1 	 0 	 1 	 3
02.12.2008 	02:36:29 	0000 	0001 	0046 	0009 	0100 	3797 	287 	287 	5120 	0 	290 	2318 	07:39 	 1 	 0 	 1 	 3
02.12.2008 	02:37:29 	0000 	0001 	0046 	0009 	0100 	3795 	288 	288 	5120 	0 	290 	2317 	07:38 	 1 	 0 	 1 	 3
02.12.2008 	02:38:29 	0000 	0001 	0045 	0009 	0100 	3787 	294 	294 	5120 	0 	290 	2318 	07:28 	 1 	 0 	 1 	 3
02.12.2008 	02:39:29 	0000 	0001 	0047 	0009 	0100 	3800 	298 	298 	5120 	0 	290 	2318 	07:22 	 1 	 0 	 1 	 3
02.12.2008 	02:40:29 	0000 	0001 	0045 	0009 	0100 	3789 	281 	281 	5120 	0 	290 	2318 	07:49 	 1 	 0 	 1 	 3
02.12.2008 	02:41:29 	0000 	0001 	0047 	0009 	0100 	3800 	296 	296 	5120 	0 	290 	2317 	07:25 	 1 	 0 	 1 	 3
02.12.2008 	02:42:29 	0000 	0001 	0045 	0009 	0100 	3789 	279 	279 	5120 	0 	290 	2318 	07:53 	 1 	 0 	 1 	 3
02.12.2008 	02:43:29 	0000 	0001 	0045 	0009 	0100 	3784 	306 	306 	5120 	0 	290 	2317 	07:11 	 1 	 0 	 1 	 3
02.12.2008 	02:44:30 	0000 	0001 	0047 	0009 	0100 	3803 	294 	294 	5120 	0 	290 	2318 	07:28 	 1 	 0 	 1 	 3
02.12.2008 	02:45:30 	0000 	0001 	0045 	0009 	0100 	3787 	285 	285 	5120 	0 	290 	2318 	07:43 	 1 	 0 	 1 	 3
02.12.2008 	02:46:30 	0000 	0001 	0047 	0009 	0100 	3800 	295 	295 	5120 	0 	290 	2317 	07:27 	 1 	 0 	 1 	 3
02.12.2008 	02:47:30 	0000 	0001 	0045 	0009 	0100 	3792 	273 	273 	5120 	0 	290 	2317 	08:03 	 1 	 0 	 1 	 3
02.12.2008 	02:48:30 	0000 	0001 	0044 	0009 	0100 	3781 	306 	306 	5120 	0 	290 	2318 	07:11 	 1 	 0 	 1 	 3
02.12.2008 	02:49:30 	0000 	0001 	0044 	0009 	0100 	3787 	282 	282 	5120 	0 	290 	2317 	07:48 	 1 	 0 	 1 	 3
02.12.2008 	02:50:30 	0000 	0001 	0044 	0009 	0100 	3784 	291 	291 	5120 	0 	290 	2318 	07:33 	 1 	 0 	 1 	 3
02.12.2008 	02:51:30 	0000 	0001 	0042 	0009 	0100 	3773 	296 	296 	5120 	0 	290 	2317 	07:25 	 1 	 0 	 1 	 3
02.12.2008 	02:52:31 	0000 	0001 	0045 	0009 	0100 	3789 	271 	271 	5120 	0 	290 	2318 	08:07 	 1 	 0 	 1 	 3
02.12.2008 	02:53:31 	0000 	0001 	0043 	0009 	0100 	3779 	278 	278 	5120 	0 	290 	2317 	07:54 	 1 	 0 	 1 	 3
02.12.2008 	02:54:31 	0000 	0001 	0045 	0009 	0100 	3792 	276 	276 	5120 	0 	290 	2318 	07:58 	 1 	 0 	 1 	 3
02.12.2008 	02:55:31 	0000 	0001 	0044 	0009 	0100 	3781 	289 	289 	5120 	0 	290 	2317 	07:36 	 1 	 0 	 1 	 3
02.12.2008 	02:56:31 	0000 	0001 	0044 	0009 	0100 	3781 	302 	302 	5120 	0 	290 	2317 	07:17 	 1 	 0 	 1 	 3
02.12.2008 	02:57:31 	0000 	0001 	0042 	0009 	0100 	3757 	398 	398 	5120 	0 	290 	2318 	05:31 	 1 	 0 	 1 	 3
02.12.2008 	02:58:31 	0000 	0001 	0044 	0009 	0100 	3784 	298 	298 	5120 	0 	290 	2318 	07:22 	 1 	 0 	 1 	 3
02.12.2008 	02:59:31 	0000 	0001 	0043 	0009 	0100 	3776 	292 	292 	5120 	0 	290 	2318 	07:32 	 1 	 0 	 1 	 3
02.12.2008 	03:00:31 	0000 	0001 	0044 	0009 	0100 	3779 	303 	303 	5120 	0 	290 	2318 	07:15 	 1 	 0 	 1 	 3
02.12.2008 	03:01:32 	0000 	0001 	0044 	0009 	0100 	3789 	263 	263 	5120 	0 	290 	2318 	08:21 	 1 	 0 	 1 	 3
02.12.2008 	03:02:32 	0000 	0001 	0042 	0009 	0100 	3773 	277 	277 	5120 	0 	290 	2318 	07:56 	 1 	 0 	 1 	 3
02.12.2008 	03:03:32 	0000 	0001 	0043 	0009 	0100 	3779 	292 	292 	5120 	0 	290 	2318 	07:32 	 1 	 0 	 1 	 3
02.12.2008 	03:04:32 	0000 	0001 	0043 	0009 	0100 	3776 	302 	302 	5120 	0 	290 	2318 	07:17 	 1 	 0 	 1 	 3
02.12.2008 	03:05:32 	0000 	0001 	0042 	0009 	0100 	3773 	293 	293 	5120 	0 	290 	2318 	07:30 	 1 	 0 	 1 	 3
02.12.2008 	03:06:32 	0000 	0001 	0044 	0009 	0100 	3784 	291 	291 	5120 	0 	290 	2317 	07:33 	 1 	 0 	 1 	 3
02.12.2008 	03:07:32 	0000 	0001 	0042 	0009 	0100 	3773 	269 	269 	5120 	0 	290 	2317 	08:10 	 1 	 0 	 1 	 3
02.12.2008 	03:08:32 	0000 	0001 	0043 	0009 	0100 	3779 	279 	279 	5120 	0 	290 	2317 	07:53 	 1 	 0 	 1 	 3
02.12.2008 	03:09:33 	0000 	0001 	0043 	0009 	0100 	3779 	292 	292 	5120 	0 	290 	2317 	07:32 	 1 	 0 	 1 	 3
02.12.2008 	03:10:33 	0000 	0001 	0041 	0009 	0100 	3765 	283 	283 	5120 	0 	290 	2317 	07:46 	 1 	 0 	 1 	 3
02.12.2008 	03:11:33 	0000 	0001 	0043 	0009 	0100 	3779 	286 	286 	5120 	0 	290 	2318 	07:41 	 1 	 0 	 1 	 3
02.12.2008 	03:12:33 	0000 	0001 	0041 	0009 	0100 	3765 	284 	284 	5120 	0 	290 	2317 	07:44 	 1 	 0 	 1 	 3
02.12.2008 	03:13:33 	0000 	0001 	0042 	0009 	0100 	3773 	270 	270 	5120 	0 	290 	2317 	08:08 	 1 	 0 	 1 	 3
02.12.2008 	03:14:33 	0000 	0001 	0043 	0009 	0100 	3776 	278 	278 	5120 	0 	290 	2318 	07:54 	 1 	 0 	 1 	 3
02.12.2008 	03:15:33 	0000 	0001 	0040 	0009 	0100 	3762 	279 	279 	5120 	0 	290 	2317 	07:53 	 1 	 0 	 1 	 3
02.12.2008 	03:16:33 	0000 	0001 	0041 	0009 	0100 	3768 	280 	280 	5120 	0 	290 	2317 	07:51 	 1 	 0 	 1 	 3
02.12.2008 	03:17:33 	0000 	0001 	0041 	0009 	0100 	3765 	277 	277 	5120 	0 	290 	2318 	07:56 	 1 	 0 	 1 	 3
02.12.2008 	03:18:34 	0000 	0001 	0041 	0009 	0100 	3762 	293 	293 	5120 	0 	290 	2317 	07:30 	 1 	 0 	 1 	 3
02.12.2008 	03:19:34 	0000 	0001 	0043 	0009 	0100 	3779 	283 	283 	5120 	0 	290 	2318 	07:46 	 1 	 0 	 1 	 3
02.12.2008 	03:20:34 	0000 	0001 	0040 	0009 	0100 	3762 	275 	275 	5120 	0 	290 	2318 	08:00 	 1 	 0 	 1 	 3
02.12.2008 	03:21:34 	0000 	0001 	0042 	0009 	0100 	3770 	292 	292 	5120 	0 	290 	2317 	07:32 	 1 	 0 	 1 	 3
02.12.2008 	03:22:34 	0000 	0001 	0039 	0009 	0100 	3738 	396 	396 	5120 	0 	290 	2318 	05:33 	 1 	 0 	 1 	 3
02.12.2008 	03:23:34 	0000 	0001 	0039 	0009 	0100 	3735 	397 	397 	5120 	0 	290 	2318 	05:32 	 1 	 0 	 1 	 3
02.12.2008 	03:24:34 	0000 	0001 	0039 	0009 	0100 	3735 	398 	398 	5120 	0 	290 	2318 	05:31 	 1 	 0 	 1 	 3
02.12.2008 	03:25:34 	0000 	0001 	0039 	0009 	0100 	3754 	284 	284 	5120 	0 	290 	2317 	07:44 	 1 	 0 	 1 	 3
02.12.2008 	03:26:35 	0000 	0001 	0041 	0009 	0100 	3762 	294 	294 	5120 	0 	290 	2317 	07:28 	 1 	 0 	 1 	 3
02.12.2008 	03:27:35 	0000 	0001 	0039 	0009 	0100 	3754 	284 	284 	5120 	0 	290 	2318 	07:44 	 1 	 0 	 1 	 3
02.12.2008 	03:28:35 	0000 	0001 	0040 	0009 	0100 	3757 	312 	312 	5120 	0 	290 	2318 	07:03 	 1 	 0 	 1 	 3
02.12.2008 	03:29:35 	0000 	0001 	0041 	0009 	0100 	3765 	293 	293 	5120 	0 	290 	2318 	07:30 	 1 	 0 	 1 	 3
02.12.2008 	03:30:35 	0000 	0001 	0039 	0009 	0100 	3751 	285 	285 	5120 	0 	290 	2317 	07:43 	 1 	 0 	 1 	 3
02.12.2008 	03:31:35 	0000 	0001 	0041 	0009 	0100 	3768 	289 	289 	5120 	0 	290 	2317 	07:36 	 1 	 0 	 1 	 3
02.12.2008 	03:32:35 	0000 	0001 	0039 	0009 	0100 	3757 	276 	276 	5120 	0 	290 	2318 	07:58 	 1 	 0 	 1 	 3
02.12.2008 	03:33:35 	0000 	0001 	0040 	0009 	0100 	3757 	290 	290 	5120 	0 	290 	2317 	07:35 	 1 	 0 	 1 	 3
02.12.2008 	03:34:36 	0000 	0001 	0042 	0009 	0100 	3770 	277 	277 	5120 	0 	290 	2317 	07:56 	 1 	 0 	 1 	 3
02.12.2008 	03:35:36 	0000 	0001 	0039 	0009 	0100 	3751 	309 	309 	5120 	0 	290 	2318 	07:07 	 1 	 0 	 1 	 3
02.12.2008 	03:36:36 	0000 	0001 	0040 	0009 	0100 	3760 	279 	279 	5120 	0 	290 	2317 	07:53 	 1 	 0 	 1 	 3
02.12.2008 	03:37:36 	0000 	0001 	0040 	0009 	0100 	3760 	280 	280 	5120 	0 	290 	2317 	07:51 	 1 	 0 	 1 	 3
02.12.2008 	03:38:36 	0000 	0001 	0040 	0009 	0100 	3757 	318 	318 	5120 	0 	290 	2318 	06:55 	 1 	 0 	 1 	 3
02.12.2008 	03:39:36 	0000 	0001 	0038 	0009 	0100 	3746 	312 	312 	5120 	0 	290 	2317 	07:03 	 1 	 0 	 1 	 3
02.12.2008 	03:40:36 	0000 	0001 	0039 	0009 	0100 	3751 	289 	289 	5120 	0 	290 	2317 	07:36 	 1 	 0 	 1 	 3
02.12.2008 	03:41:36 	0000 	0001 	0039 	0009 	0100 	3757 	274 	274 	5120 	0 	290 	2317 	08:01 	 1 	 0 	 1 	 3
02.12.2008 	03:42:36 	0000 	0001 	0038 	0009 	0100 	3749 	288 	288 	5120 	0 	290 	2318 	07:38 	 1 	 0 	 1 	 3
02.12.2008 	03:43:37 	0000 	0001 	0038 	0009 	0100 	3743 	306 	306 	5120 	0 	290 	2319 	07:11 	 1 	 0 	 1 	 3
02.12.2008 	03:44:37 	0000 	0001 	0039 	0009 	0100 	3751 	308 	308 	5120 	0 	290 	2317 	07:08 	 1 	 0 	 1 	 3
02.12.2008 	03:45:37 	0000 	0001 	0037 	0009 	0100 	3741 	271 	271 	5120 	0 	290 	2318 	08:07 	 1 	 0 	 1 	 3
02.12.2008 	03:46:37 	0000 	0001 	0040 	0009 	0100 	3760 	290 	290 	5120 	0 	290 	2318 	07:35 	 1 	 0 	 1 	 3
02.12.2008 	03:47:37 	0000 	0001 	0037 	0009 	0100 	3722 	398 	398 	5120 	0 	290 	2317 	05:31 	 1 	 0 	 1 	 3
02.12.2008 	03:48:37 	0000 	0001 	0036 	0009 	0100 	3719 	397 	397 	5120 	0 	290 	2318 	05:32 	 1 	 0 	 1 	 3
02.12.2008 	03:49:37 	0000 	0001 	0036 	0009 	0100 	3719 	403 	403 	5120 	0 	290 	2317 	05:27 	 1 	 0 	 1 	 3
02.12.2008 	03:50:37 	0000 	0001 	0036 	0009 	0100 	3719 	415 	415 	5120 	0 	290 	2318 	05:18 	 1 	 0 	 1 	 3
02.12.2008 	03:51:38 	0000 	0001 	0037 	0009 	0100 	3735 	333 	333 	5120 	0 	290 	2317 	06:36 	 1 	 0 	 1 	 3
02.12.2008 	03:52:38 	0000 	0001 	0038 	0009 	0100 	3749 	289 	289 	5120 	0 	290 	2318 	07:36 	 1 	 0 	 1 	 3
02.12.2008 	03:53:38 	0000 	0001 	0038 	0009 	0100 	3749 	273 	273 	5120 	0 	290 	2317 	08:03 	 1 	 0 	 1 	 3
02.12.2008 	03:54:38 	0000 	0001 	0036 	0009 	0100 	3738 	283 	283 	5120 	0 	290 	2319 	07:46 	 1 	 0 	 1 	 3
02.12.2008 	03:55:38 	0000 	0001 	0038 	0009 	0100 	3749 	276 	276 	5120 	0 	290 	2317 	07:58 	 1 	 0 	 1 	 3
02.12.2008 	03:56:38 	0000 	0001 	0036 	0009 	0100 	3738 	288 	288 	5120 	0 	290 	2318 	07:38 	 1 	 0 	 1 	 3
02.12.2008 	03:57:38 	0000 	0001 	0037 	0009 	0100 	3738 	307 	307 	5120 	0 	290 	2318 	07:09 	 1 	 0 	 1 	 3
02.12.2008 	03:58:38 	0000 	0001 	0037 	0009 	0100 	3738 	303 	303 	5120 	0 	290 	2318 	07:15 	 1 	 0 	 1 	 3
02.12.2008 	03:59:38 	0000 	0001 	0036 	0009 	0100 	3738 	277 	277 	5120 	0 	290 	2317 	07:56 	 1 	 0 	 1 	 3
02.12.2008 	04:00:39 	0000 	0001 	0037 	0009 	0100 	3743 	287 	287 	5120 	0 	290 	2317 	07:39 	 1 	 0 	 1 	 3
02.12.2008 	04:01:39 	0000 	0001 	0037 	0009 	0100 	3741 	293 	293 	5120 	0 	290 	2317 	07:30 	 1 	 0 	 1 	 3
02.12.2008 	04:02:39 	0000 	0001 	0036 	0009 	0100 	3735 	299 	299 	5120 	0 	290 	2318 	07:21 	 1 	 0 	 1 	 3
02.12.2008 	04:03:39 	0000 	0001 	0038 	0009 	0100 	3743 	306 	306 	5120 	0 	290 	2318 	07:11 	 1 	 0 	 1 	 3
02.12.2008 	04:04:39 	0000 	0001 	0036 	0009 	0100 	3735 	293 	293 	5120 	0 	290 	2317 	07:30 	 1 	 0 	 1 	 3
02.12.2008 	04:05:39 	0000 	0001 	0037 	0009 	0100 	3743 	290 	290 	5120 	0 	290 	2317 	07:35 	 1 	 0 	 1 	 3
02.12.2008 	04:06:39 	0000 	0001 	0038 	0009 	0100 	3746 	286 	286 	5120 	0 	290 	2317 	07:41 	 1 	 0 	 1 	 3
02.12.2008 	04:07:39 	0000 	0001 	0036 	0009 	0100 	3732 	290 	290 	5120 	0 	290 	2318 	07:35 	 1 	 0 	 1 	 3
02.12.2008 	04:08:40 	0000 	0001 	0037 	0009 	0100 	3741 	278 	278 	5120 	0 	290 	2317 	07:54 	 1 	 0 	 1 	 3
02.12.2008 	04:09:40 	0000 	0001 	0035 	0009 	0100 	3732 	286 	286 	5120 	0 	290 	2318 	07:41 	 1 	 0 	 1 	 3
02.12.2008 	04:10:40 	0000 	0001 	0036 	0009 	0100 	3732 	300 	300 	5120 	0 	290 	2317 	07:19 	 1 	 0 	 1 	 3
02.12.2008 	04:11:40 	0000 	0001 	0036 	0009 	0100 	3735 	282 	282 	5120 	0 	290 	2317 	07:48 	 1 	 0 	 1 	 3
02.12.2008 	04:12:40 	0000 	0001 	0035 	0009 	0100 	3730 	285 	285 	5120 	0 	290 	2317 	07:43 	 1 	 0 	 1 	 3
02.12.2008 	04:13:40 	0000 	0001 	0037 	0009 	0100 	3743 	292 	292 	5120 	0 	290 	2317 	07:32 	 1 	 0 	 1 	 3
02.12.2008 	04:14:40 	0000 	0001 	0035 	0009 	0100 	3730 	296 	296 	5120 	0 	290 	2318 	07:25 	 1 	 0 	 1 	 3
02.12.2008 	04:15:40 	0000 	0001 	0035 	0009 	0100 	3727 	318 	318 	5120 	0 	290 	2317 	06:55 	 1 	 0 	 1 	 3
02.12.2008 	04:16:41 	0000 	0001 	0037 	0009 	0100 	3743 	292 	292 	5120 	0 	290 	2318 	07:32 	 1 	 0 	 1 	 3
02.12.2008 	04:17:41 	0000 	0001 	0035 	0009 	0100 	3727 	298 	298 	5120 	0 	290 	2317 	07:22 	 1 	 0 	 1 	 3
02.12.2008 	04:18:41 	0000 	0001 	0036 	0009 	0100 	3738 	284 	284 	5120 	0 	290 	2317 	07:44 	 1 	 0 	 1 	 3
02.12.2008 	04:19:41 	0000 	0001 	0035 	0009 	0100 	3727 	295 	295 	5120 	0 	290 	2317 	07:27 	 1 	 0 	 1 	 3
02.12.2008 	04:20:41 	0000 	0001 	0035 	0009 	0100 	3727 	298 	298 	5120 	0 	290 	2317 	07:22 	 1 	 0 	 1 	 3
02.12.2008 	04:21:41 	0000 	0001 	0036 	0009 	0100 	3732 	292 	292 	5120 	0 	290 	2318 	07:32 	 1 	 0 	 1 	 3
02.12.2008 	04:22:41 	0000 	0001 	0034 	0009 	0100 	3724 	292 	292 	5120 	0 	290 	2317 	07:32 	 1 	 0 	 1 	 3
02.12.2008 	04:23:41 	0000 	0001 	0036 	0009 	0100 	3738 	285 	285 	5120 	0 	290 	2317 	07:43 	 1 	 0 	 1 	 3
02.12.2008 	04:24:41 	0000 	0001 	0035 	0009 	0100 	3727 	287 	287 	5120 	0 	290 	2317 	07:39 	 1 	 0 	 1 	 3
02.12.2008 	04:25:42 	0000 	0001 	0035 	0009 	0100 	3730 	276 	276 	5120 	0 	290 	2317 	07:58 	 1 	 0 	 1 	 3
02.12.2008 	04:26:42 	0000 	0001 	0037 	0009 	0100 	3741 	289 	289 	5120 	0 	290 	2318 	07:36 	 1 	 0 	 1 	 3
02.12.2008 	04:27:42 	0000 	0001 	0034 	0009 	0100 	3724 	298 	298 	5120 	0 	290 	2318 	07:22 	 1 	 0 	 1 	 3
02.12.2008 	04:28:42 	0000 	0001 	0035 	0009 	0100 	3730 	286 	286 	5120 	0 	290 	2317 	07:41 	 1 	 0 	 1 	 3
02.12.2008 	04:29:42 	0000 	0001 	0036 	0009 	0100 	3735 	279 	279 	5120 	0 	290 	2317 	07:53 	 1 	 0 	 1 	 3
02.12.2008 	04:30:42 	0000 	0001 	0034 	0009 	0100 	3722 	300 	300 	5120 	0 	290 	2317 	07:19 	 1 	 0 	 1 	 3
02.12.2008 	04:31:42 	0000 	0001 	0035 	0009 	0100 	3727 	290 	290 	5120 	0 	290 	2317 	07:35 	 1 	 0 	 1 	 3
02.12.2008 	04:32:42 	0000 	0001 	0034 	0009 	0100 	3722 	295 	295 	5120 	0 	290 	2317 	07:27 	 1 	 0 	 1 	 3
02.12.2008 	04:33:43 	0000 	0001 	0034 	0009 	0100 	3722 	308 	308 	5120 	0 	290 	2318 	07:08 	 1 	 0 	 1 	 3
02.12.2008 	04:34:43 	0000 	0001 	0034 	0009 	0100 	3722 	286 	286 	5120 	0 	290 	2318 	07:41 	 1 	 0 	 1 	 3
02.12.2008 	04:35:43 	0000 	0001 	0032 	0009 	0100 	3714 	276 	276 	5120 	0 	290 	2317 	07:58 	 1 	 0 	 1 	 3
02.12.2008 	04:36:43 	0000 	0002 	0035 	0009 	0100 	3730 	302 	302 	5120 	0 	290 	2318 	07:17 	 1 	 0 	 1 	 3
02.12.2008 	04:37:43 	0000 	0002 	0034 	0009 	0100 	3719 	301 	301 	5120 	0 	290 	2317 	07:18 	 1 	 0 	 1 	 3
02.12.2008 	04:38:43 	0000 	0002 	0034 	0009 	0100 	3724 	292 	292 	5120 	0 	290 	2318 	07:32 	 1 	 0 	 1 	 3
02.12.2008 	04:39:43 	0000 	0002 	0035 	0009 	0100 	3730 	278 	278 	5120 	0 	290 	2318 	07:54 	 1 	 0 	 1 	 3
02.12.2008 	04:40:43 	0000 	0002 	0033 	0009 	0100 	3716 	284 	284 	5120 	0 	290 	2318 	07:44 	 1 	 0 	 1 	 3
02.12.2008 	04:41:44 	0000 	0002 	0034 	0009 	0100 	3727 	268 	268 	5120 	0 	290 	2317 	08:12 	 1 	 0 	 1 	 3
02.12.2008 	04:42:44 	0000 	0002 	0033 	0009 	0100 	3716 	302 	302 	5120 	0 	290 	2318 	07:17 	 1 	 0 	 1 	 3
02.12.2008 	04:43:44 	0000 	0002 	0034 	0009 	0100 	3724 	300 	300 	5120 	0 	290 	2317 	07:19 	 1 	 0 	 1 	 3
02.12.2008 	04:44:44 	0000 	0002 	0033 	0009 	0100 	3716 	288 	288 	5120 	0 	290 	2317 	07:38 	 1 	 0 	 1 	 3
02.12.2008 	04:45:44 	0000 	0002 	0033 	0009 	0100 	3714 	292 	292 	5120 	0 	290 	2318 	07:32 	 1 	 0 	 1 	 3
02.12.2008 	04:46:44 	0000 	0002 	0034 	0009 	0100 	3727 	282 	282 	5120 	0 	290 	2318 	07:48 	 1 	 0 	 1 	 3
02.12.2008 	04:47:44 	0000 	0002 	0033 	0009 	0100 	3716 	283 	283 	5120 	0 	290 	2317 	07:46 	 1 	 0 	 1 	 3
02.12.2008 	04:48:44 	0000 	0002 	0034 	0009 	0100 	3722 	300 	300 	5120 	0 	290 	2318 	07:19 	 1 	 0 	 1 	 3
02.12.2008 	04:49:45 	0000 	0002 	0032 	0009 	0100 	3705 	334 	334 	5120 	0 	290 	2317 	06:35 	 1 	 0 	 1 	 3
02.12.2008 	04:50:45 	0000 	0002 	0032 	0009 	0100 	3711 	294 	294 	5120 	0 	290 	2318 	07:28 	 1 	 0 	 1 	 3
02.12.2008 	04:51:45 	0000 	0002 	0034 	0009 	0100 	3722 	284 	284 	5120 	0 	290 	2318 	07:44 	 1 	 0 	 1 	 3
02.12.2008 	04:52:45 	0000 	0002 	0031 	0009 	0100 	3711 	265 	265 	5120 	0 	290 	2318 	08:18 	 1 	 0 	 1 	 3
02.12.2008 	04:53:45 	0000 	0002 	0033 	0009 	0100 	3714 	293 	293 	5120 	0 	290 	2318 	07:30 	 1 	 0 	 1 	 3
02.12.2008 	04:54:45 	0000 	0002 	0033 	0009 	0100 	3716 	280 	280 	5120 	0 	290 	2318 	07:51 	 1 	 0 	 1 	 3
02.12.2008 	04:55:45 	0000 	0002 	0032 	0009 	0100 	3711 	290 	290 	5120 	0 	290 	2316 	07:35 	 1 	 0 	 1 	 3
02.12.2008 	04:56:45 	0000 	0002 	0033 	0009 	0100 	3716 	283 	283 	5120 	0 	290 	2317 	07:46 	 1 	 0 	 1 	 3
02.12.2008 	04:57:45 	0000 	0002 	0032 	0009 	0100 	3711 	281 	281 	5120 	0 	290 	2318 	07:49 	 1 	 0 	 1 	 3
02.12.2008 	04:58:46 	0000 	0002 	0029 	0009 	0100 	3686 	317 	317 	5120 	0 	290 	2318 	06:56 	 1 	 0 	 1 	 3
02.12.2008 	04:59:46 	0000 	0002 	0030 	0009 	0100 	3684 	405 	405 	5120 	0 	290 	2318 	05:25 	 1 	 0 	 1 	 3
02.12.2008 	05:00:46 	0000 	0002 	0027 	0009 	0100 	3665 	406 	406 	5120 	0 	290 	2318 	05:25 	 1 	 0 	 1 	 3
02.12.2008 	05:01:46 	0000 	0002 	0030 	0009 	0100 	3703 	283 	283 	5120 	0 	290 	2317 	07:46 	 1 	 0 	 1 	 3
02.12.2008 	05:02:46 	0000 	0002 	0031 	0009 	0100 	3705 	297 	297 	5120 	0 	290 	2318 	07:24 	 1 	 0 	 1 	 3
02.12.2008 	05:03:46 	0000 	0002 	0030 	0009 	0100 	3684 	405 	405 	5120 	0 	290 	2318 	05:25 	 1 	 0 	 1 	 3
02.12.2008 	05:04:46 	0000 	0002 	0031 	0009 	0100 	3703 	308 	308 	5120 	0 	290 	2318 	07:08 	 1 	 0 	 1 	 3
02.12.2008 	05:05:46 	0000 	0002 	0033 	0009 	0100 	3716 	292 	292 	5120 	0 	290 	2317 	07:32 	 1 	 0 	 1 	 3
02.12.2008 	05:06:47 	0000 	0002 	0032 	0009 	0100 	3714 	282 	282 	5120 	0 	290 	2318 	07:48 	 1 	 0 	 1 	 3
02.12.2008 	05:07:47 	0000 	0002 	0031 	0009 	0100 	3705 	279 	279 	5120 	0 	290 	2317 	07:53 	 1 	 0 	 1 	 3
02.12.2008 	05:08:47 	0000 	0002 	0031 	0009 	0100 	3711 	270 	270 	5120 	0 	290 	2317 	08:08 	 1 	 0 	 1 	 3
02.12.2008 	05:09:47 	0000 	0002 	0031 	0009 	0100 	3703 	288 	288 	5120 	0 	290 	2317 	07:38 	 1 	 0 	 1 	 3
02.12.2008 	05:10:47 	0000 	0002 	0031 	0009 	0100 	3705 	288 	288 	5120 	0 	290 	2318 	07:38 	 1 	 0 	 1 	 3
02.12.2008 	05:11:47 	0000 	0002 	0032 	0009 	0100 	3714 	286 	286 	5120 	0 	290 	2317 	07:41 	 1 	 0 	 1 	 3
02.12.2008 	05:12:47 	0000 	0002 	0030 	0009 	0100 	3700 	275 	275 	5120 	0 	290 	2317 	08:00 	 1 	 0 	 1 	 3
02.12.2008 	05:13:47 	0000 	0002 	0033 	0009 	0100 	3714 	294 	294 	5120 	0 	290 	2317 	07:28 	 1 	 0 	 1 	 3
02.12.2008 	05:14:48 	0000 	0002 	0031 	0009 	0100 	3708 	272 	272 	5120 	0 	290 	2317 	08:05 	 1 	 0 	 1 	 3
02.12.2008 	05:15:48 	0000 	0002 	0031 	0009 	0100 	3705 	305 	305 	5120 	0 	290 	2318 	07:12 	 1 	 0 	 1 	 3
02.12.2008 	05:16:48 	0000 	0002 	0033 	0009 	0100 	3716 	298 	298 	5120 	0 	290 	2319 	07:22 	 1 	 0 	 1 	 3
02.12.2008 	05:17:48 	0000 	0002 	0029 	0009 	0100 	3697 	276 	276 	5120 	0 	290 	2317 	07:58 	 1 	 0 	 1 	 3
02.12.2008 	05:18:48 	0000 	0002 	0031 	0009 	0100 	3708 	287 	287 	5120 	0 	290 	2318 	07:39 	 1 	 0 	 1 	 3
02.12.2008 	05:19:48 	0000 	0002 	0030 	0009 	0100 	3700 	276 	276 	5120 	0 	290 	2318 	07:58 	 1 	 0 	 1 	 3
02.12.2008 	05:20:48 	0000 	0002 	0030 	0009 	0100 	3700 	288 	288 	5120 	0 	290 	2318 	07:38 	 1 	 0 	 1 	 3
02.12.2008 	05:21:48 	0000 	0002 	0032 	0009 	0100 	3708 	296 	296 	5120 	0 	290 	2317 	07:25 	 1 	 0 	 1 	 3
02.12.2008 	05:22:49 	0000 	0002 	0029 	0009 	0100 	3695 	290 	290 	5120 	0 	290 	2318 	07:35 	 1 	 0 	 1 	 3
02.12.2008 	05:23:49 	0000 	0002 	0029 	0009 	0100 	3692 	290 	290 	5120 	0 	290 	2317 	07:35 	 1 	 0 	 1 	 3
02.12.2008 	05:24:49 	0000 	0002 	0029 	0009 	0100 	3695 	296 	296 	5120 	0 	290 	2317 	07:25 	 1 	 0 	 1 	 3
02.12.2008 	05:25:49 	0000 	0002 	0031 	0009 	0100 	3705 	301 	301 	5120 	0 	290 	2317 	07:18 	 1 	 0 	 1 	 3
02.12.2008 	05:26:49 	0000 	0002 	0029 	0009 	0100 	3692 	287 	287 	5120 	0 	290 	2317 	07:39 	 1 	 0 	 1 	 3
02.12.2008 	05:27:49 	0000 	0002 	0029 	0009 	0100 	3695 	292 	292 	5120 	0 	290 	2317 	07:32 	 1 	 0 	 1 	 3
02.12.2008 	05:28:49 	0000 	0002 	0031 	0009 	0100 	3705 	295 	295 	5120 	0 	290 	2318 	07:27 	 1 	 0 	 1 	 3
02.12.2008 	05:29:49 	0000 	0002 	0030 	0009 	0100 	3703 	270 	270 	5120 	0 	290 	2317 	08:08 	 1 	 0 	 1 	 3
02.12.2008 	05:30:50 	0000 	0002 	0029 	0009 	0100 	3692 	302 	302 	5120 	0 	290 	2318 	07:17 	 1 	 0 	 1 	 3
02.12.2008 	05:31:50 	0000 	0002 	0032 	0009 	0100 	3714 	267 	267 	5120 	0 	290 	2317 	08:14 	 1 	 0 	 1 	 3
02.12.2008 	05:32:50 	0000 	0002 	0029 	0009 	0100 	3695 	296 	296 	5120 	0 	290 	2317 	07:25 	 1 	 0 	 1 	 3
02.12.2008 	05:33:50 	0000 	0002 	0033 	0009 	0100 	3714 	291 	291 	5120 	0 	290 	2317 	07:33 	 1 	 0 	 1 	 3
02.12.2008 	05:34:50 	0000 	0002 	0029 	0009 	0100 	3695 	279 	279 	5120 	0 	290 	2318 	07:53 	 1 	 0 	 1 	 3
02.12.2008 	05:35:50 	0000 	0002 	0029 	0009 	0100 	3695 	277 	277 	5120 	0 	290 	2318 	07:56 	 1 	 0 	 1 	 3
02.12.2008 	05:36:50 	0000 	0002 	0030 	0009 	0100 	3703 	275 	275 	5120 	0 	290 	2317 	08:00 	 1 	 0 	 1 	 3
02.12.2008 	05:37:50 	0000 	0002 	0029 	0009 	0100 	3692 	284 	284 	5120 	0 	290 	2317 	07:44 	 1 	 0 	 1 	 3
02.12.2008 	05:38:50 	0000 	0002 	0031 	0009 	0100 	3705 	294 	294 	5120 	0 	290 	2318 	07:28 	 1 	 0 	 1 	 3
02.12.2008 	05:39:51 	0000 	0002 	0031 	0009 	0100 	3705 	286 	286 	5120 	0 	290 	2318 	07:41 	 1 	 0 	 1 	 3
02.12.2008 	05:40:51 	0000 	0002 	0029 	0009 	0100 	3692 	288 	288 	5120 	0 	290 	2317 	07:38 	 1 	 0 	 1 	 3
02.12.2008 	05:41:51 	0000 	0002 	0030 	0009 	0100 	3705 	266 	266 	5120 	0 	290 	2318 	08:16 	 1 	 0 	 1 	 3
02.12.2008 	05:42:51 	0000 	0002 	0028 	0009 	0100 	3692 	276 	276 	5120 	0 	290 	2318 	07:58 	 1 	 0 	 1 	 3
02.12.2008 	05:43:51 	0000 	0002 	0030 	0009 	0100 	3695 	297 	297 	5120 	0 	290 	2316 	07:24 	 1 	 0 	 1 	 3
02.12.2008 	05:44:51 	0000 	0002 	0029 	0009 	0100 	3692 	283 	283 	5120 	0 	290 	2317 	07:46 	 1 	 0 	 1 	 3
02.12.2008 	05:45:51 	0000 	0002 	0028 	0009 	0100 	3686 	298 	298 	5120 	0 	290 	2318 	07:22 	 1 	 0 	 1 	 3
02.12.2008 	05:46:51 	0000 	0002 	0031 	0009 	0100 	3705 	277 	277 	5120 	0 	290 	2317 	07:56 	 1 	 0 	 1 	 3
02.12.2008 	05:47:52 	0000 	0002 	0029 	0009 	0100 	3695 	277 	277 	5120 	0 	290 	2317 	07:56 	 1 	 0 	 1 	 3
02.12.2008 	05:48:52 	0000 	0002 	0028 	0009 	0100 	3692 	275 	275 	5120 	0 	290 	2318 	08:00 	 1 	 0 	 1 	 3
02.12.2008 	05:49:52 	0000 	0002 	0031 	0009 	0100 	3705 	288 	288 	5120 	0 	290 	2318 	07:38 	 1 	 0 	 1 	 3
02.12.2008 	05:50:52 	0000 	0002 	0029 	0009 	0100 	3689 	307 	307 	5120 	0 	290 	2316 	07:09 	 1 	 0 	 1 	 3
02.12.2008 	05:51:52 	0000 	0002 	0030 	0009 	0100 	3697 	298 	298 	5120 	0 	290 	2317 	07:22 	 1 	 0 	 1 	 3
02.12.2008 	05:52:52 	0000 	0002 	0028 	0009 	0100 	3689 	287 	287 	5120 	0 	290 	2318 	07:39 	 1 	 0 	 1 	 3
02.12.2008 	05:53:52 	0000 	0002 	0027 	0009 	0100 	3686 	274 	274 	5120 	0 	290 	2317 	08:01 	 1 	 0 	 1 	 3
02.12.2008 	05:54:52 	0000 	0002 	0029 	0009 	0100 	3697 	276 	276 	5120 	0 	290 	2319 	07:58 	 1 	 0 	 1 	 3
02.12.2008 	05:55:52 	0000 	0002 	0028 	0009 	0100 	3684 	292 	292 	5120 	0 	290 	2318 	07:32 	 1 	 0 	 1 	 3
02.12.2008 	05:56:53 	0000 	0002 	0028 	0009 	0100 	3689 	294 	294 	5120 	0 	290 	2317 	07:28 	 1 	 0 	 1 	 3
02.12.2008 	05:57:53 	0000 	0002 	0030 	0009 	0100 	3697 	287 	287 	5120 	0 	290 	2317 	07:39 	 1 	 0 	 1 	 3
02.12.2008 	05:58:53 	0000 	0002 	0027 	0009 	0100 	3686 	273 	273 	5120 	0 	290 	2318 	08:03 	 1 	 0 	 1 	 3
02.12.2008 	05:59:53 	0000 	0002 	0030 	0009 	0100 	3700 	289 	289 	5120 	0 	290 	2318 	07:36 	 1 	 0 	 1 	 3
02.12.2008 	06:00:53 	0000 	0002 	0028 	0009 	0100 	3689 	281 	281 	5120 	0 	290 	2318 	07:49 	 1 	 0 	 1 	 3
02.12.2008 	06:01:53 	0000 	0002 	0028 	0009 	0100 	3686 	290 	290 	5120 	0 	290 	2317 	07:35 	 1 	 0 	 1 	 3
02.12.2008 	06:02:53 	0000 	0002 	0031 	0009 	0100 	3703 	285 	285 	5120 	0 	290 	2317 	07:43 	 1 	 0 	 1 	 3
02.12.2008 	06:03:54 	0000 	0002 	0027 	0009 	0100 	3684 	273 	273 	5120 	0 	290 	2317 	08:03 	 1 	 0 	 1 	 3
02.12.2008 	06:04:54 	0000 	0002 	0028 	0009 	0100 	3689 	279 	279 	5120 	0 	290 	2318 	07:53 	 1 	 0 	 1 	 3
02.12.2008 	06:05:54 	0000 	0002 	0027 	0009 	0100 	3684 	266 	266 	5120 	0 	290 	2318 	08:16 	 1 	 0 	 1 	 3
02.12.2008 	06:06:54 	0000 	0002 	0028 	0009 	0100 	3684 	297 	297 	5120 	0 	290 	2317 	07:24 	 1 	 0 	 1 	 3
02.12.2008 	06:07:54 	0000 	0002 	0029 	0009 	0100 	3689 	297 	297 	5120 	0 	290 	2318 	07:24 	 1 	 0 	 1 	 3
02.12.2008 	06:08:54 	0000 	0002 	0027 	0009 	0100 	3681 	292 	292 	5120 	0 	290 	2318 	07:32 	 1 	 0 	 1 	 3
02.12.2008 	06:09:54 	0000 	0002 	0029 	0009 	0100 	3692 	280 	280 	5120 	0 	290 	2318 	07:51 	 1 	 0 	 1 	 3
02.12.2008 	06:10:54 	0000 	0002 	0028 	0009 	0100 	3689 	275 	275 	5120 	0 	290 	2317 	08:00 	 1 	 0 	 1 	 3
02.12.2008 	06:11:54 	0000 	0002 	0027 	0009 	0100 	3681 	280 	280 	5120 	0 	290 	2317 	07:51 	 1 	 0 	 1 	 3
02.12.2008 	06:12:55 	0000 	0002 	0029 	0009 	0100 	3695 	295 	295 	5120 	0 	290 	2318 	07:27 	 1 	 0 	 1 	 3
02.12.2008 	06:13:55 	0000 	0002 	0026 	0009 	0100 	3673 	290 	290 	5120 	0 	290 	2317 	07:35 	 1 	 0 	 1 	 3
02.12.2008 	06:14:55 	0000 	0002 	0027 	0009 	0100 	3681 	302 	302 	5120 	0 	290 	2317 	07:17 	 1 	 0 	 1 	 3
02.12.2008 	06:15:55 	0000 	0002 	0027 	0009 	0100 	3678 	292 	292 	5120 	0 	290 	2317 	07:32 	 1 	 0 	 1 	 3
02.12.2008 	06:16:55 	0000 	0002 	0026 	0009 	0100 	3678 	286 	286 	5120 	0 	290 	2317 	07:41 	 1 	 0 	 1 	 3
02.12.2008 	06:17:55 	0000 	0002 	0027 	0009 	0100 	3686 	275 	275 	5120 	0 	290 	2317 	08:00 	 1 	 0 	 1 	 3
02.12.2008 	06:18:55 	0000 	0002 	0027 	0009 	0100 	3681 	278 	278 	5120 	0 	290 	2318 	07:54 	 1 	 0 	 1 	 3
02.12.2008 	06:19:55 	0000 	0002 	0027 	0009 	0100 	3678 	299 	299 	5120 	0 	290 	2318 	07:21 	 1 	 0 	 1 	 3
02.12.2008 	06:20:56 	0000 	0002 	0028 	0009 	0100 	3686 	297 	297 	5120 	0 	290 	2318 	07:24 	 1 	 0 	 1 	 3
02.12.2008 	06:21:56 	0000 	0002 	0026 	0009 	0100 	3678 	285 	285 	5120 	0 	290 	2317 	07:43 	 1 	 0 	 1 	 3
02.12.2008 	06:22:56 	0000 	0002 	0027 	0009 	0100 	3686 	269 	269 	5120 	0 	290 	2318 	08:10 	 1 	 0 	 1 	 3
02.12.2008 	06:23:56 	0000 	0002 	0027 	0009 	0100 	3681 	282 	282 	5120 	0 	290 	2318 	07:48 	 1 	 0 	 1 	 3
02.12.2008 	06:24:56 	0000 	0002 	0027 	0009 	0100 	3676 	307 	307 	5120 	0 	290 	2317 	07:09 	 1 	 0 	 1 	 3
02.12.2008 	06:25:56 	0000 	0002 	0028 	0009 	0100 	3686 	278 	278 	5120 	0 	290 	2318 	07:54 	 1 	 0 	 1 	 3
02.12.2008 	06:26:56 	0000 	0002 	0026 	0009 	0100 	3676 	286 	286 	5120 	0 	290 	2318 	07:41 	 1 	 0 	 1 	 3
02.12.2008 	06:27:56 	0000 	0002 	0027 	0009 	0100 	3678 	290 	290 	5120 	0 	290 	2317 	07:35 	 1 	 0 	 1 	 3
02.12.2008 	06:28:57 	0000 	0002 	0026 	0009 	0100 	3676 	271 	271 	5120 	0 	290 	2318 	08:07 	 1 	 0 	 1 	 3
02.12.2008 	06:29:57 	0000 	0002 	0026 	0009 	0100 	3673 	310 	310 	5120 	0 	290 	2317 	07:05 	 1 	 0 	 1 	 3
02.12.2008 	06:30:57 	0000 	0002 	0026 	0009 	0100 	3678 	274 	274 	5120 	0 	290 	2317 	08:01 	 1 	 0 	 1 	 3
02.12.2008 	06:31:57 	0000 	0002 	0025 	0009 	0100 	3670 	295 	295 	5120 	0 	290 	2318 	07:27 	 1 	 0 	 1 	 3
02.12.2008 	06:32:57 	0000 	0002 	0026 	0009 	0100 	3676 	298 	298 	5120 	0 	290 	2318 	07:22 	 1 	 0 	 1 	 3
02.12.2008 	06:33:57 	0000 	0002 	0026 	0009 	0100 	3676 	294 	294 	5120 	0 	290 	2317 	07:28 	 1 	 0 	 1 	 3
02.12.2008 	06:34:57 	0000 	0002 	0024 	0009 	0100 	3667 	282 	282 	5120 	0 	290 	2317 	07:48 	 1 	 0 	 1 	 3
02.12.2008 	06:35:57 	0000 	0002 	0026 	0009 	0100 	3681 	270 	270 	5120 	0 	290 	2317 	08:08 	 1 	 0 	 1 	 3
02.12.2008 	06:36:57 	0000 	0002 	0025 	0009 	0100 	3667 	291 	291 	5120 	0 	290 	2317 	07:33 	 1 	 0 	 1 	 3
02.12.2008 	06:37:58 	0000 	0002 	0026 	0009 	0100 	3673 	301 	301 	5120 	0 	290 	2317 	07:18 	 1 	 0 	 1 	 3
02.12.2008 	06:38:58 	0000 	0002 	0027 	0009 	0100 	3678 	293 	293 	5120 	0 	290 	2318 	07:30 	 1 	 0 	 1 	 3
02.12.2008 	06:39:58 	0000 	0002 	0025 	0009 	0100 	3667 	284 	284 	5120 	0 	290 	2318 	07:44 	 1 	 0 	 1 	 3
02.12.2008 	06:40:58 	0000 	0002 	0027 	0009 	0100 	3681 	292 	292 	5120 	0 	290 	2318 	07:32 	 1 	 0 	 1 	 3
02.12.2008 	06:41:58 	0000 	0002 	0024 	0009 	0100 	3667 	272 	272 	5120 	0 	290 	2318 	08:05 	 1 	 0 	 1 	 3
02.12.2008 	06:42:58 	0000 	0002 	0025 	0009 	0100 	3667 	291 	291 	5120 	0 	290 	2317 	07:33 	 1 	 0 	 1 	 3
02.12.2008 	06:43:58 	0000 	0002 	0026 	0009 	0100 	3676 	297 	297 	5120 	0 	290 	2318 	07:24 	 1 	 0 	 1 	 3
02.12.2008 	06:44:58 	0000 	0002 	0024 	0009 	0100 	3665 	294 	294 	5120 	0 	290 	2318 	07:28 	 1 	 0 	 1 	 3
02.12.2008 	06:45:59 	0000 	0002 	0026 	0009 	0100 	3673 	287 	287 	5120 	0 	290 	2317 	07:39 	 1 	 0 	 1 	 3
02.12.2008 	06:46:59 	0000 	0002 	0023 	0009 	0100 	3659 	281 	281 	5120 	0 	290 	2317 	07:49 	 1 	 0 	 1 	 3
02.12.2008 	06:47:59 	0000 	0002 	0025 	0009 	0100 	3667 	291 	291 	5120 	0 	290 	2318 	07:33 	 1 	 0 	 1 	 3
02.12.2008 	06:48:59 	0000 	0002 	0025 	0009 	0100 	3670 	298 	298 	5120 	0 	290 	2317 	07:22 	 1 	 0 	 1 	 3
02.12.2008 	06:49:59 	0000 	0002 	0024 	0009 	0100 	3662 	282 	282 	5120 	0 	290 	2317 	07:48 	 1 	 0 	 1 	 3
02.12.2008 	06:50:59 	0000 	0002 	0024 	0009 	0100 	3665 	293 	293 	5120 	0 	290 	2317 	07:30 	 1 	 0 	 1 	 3
02.12.2008 	06:51:59 	0000 	0002 	0026 	0009 	0100 	3676 	270 	270 	5120 	0 	290 	2318 	08:08 	 1 	 0 	 1 	 3
02.12.2008 	06:52:59 	0000 	0002 	0024 	0009 	0100 	3662 	291 	291 	5120 	0 	290 	2318 	07:33 	 1 	 0 	 1 	 3
02.12.2008 	06:53:59 	0000 	0002 	0027 	0009 	0100 	3676 	303 	303 	5120 	0 	290 	2317 	07:15 	 1 	 0 	 1 	 3
02.12.2008 	06:55:00 	0000 	0002 	0024 	0009 	0100 	3665 	283 	283 	5120 	0 	290 	2318 	07:46 	 1 	 0 	 1 	 3
02.12.2008 	06:56:00 	0000 	0002 	0024 	0009 	0100 	3662 	297 	297 	5120 	0 	290 	2317 	07:24 	 1 	 0 	 1 	 3
02.12.2008 	06:57:00 	0000 	0002 	0026 	0009 	0100 	3678 	280 	280 	5120 	0 	290 	2317 	07:51 	 1 	 0 	 1 	 3
02.12.2008 	06:58:00 	0000 	0002 	0023 	0009 	0100 	3657 	287 	287 	5120 	0 	290 	2318 	07:39 	 1 	 0 	 1 	 3
02.12.2008 	06:59:00 	0000 	0002 	0024 	0009 	0100 	3665 	279 	279 	5120 	0 	290 	2316 	07:53 	 1 	 0 	 1 	 3
02.12.2008 	07:00:00 	0000 	0002 	0024 	0009 	0100 	3665 	286 	286 	5120 	0 	290 	2318 	07:41 	 1 	 0 	 1 	 3
02.12.2008 	07:01:00 	0000 	0002 	0024 	0009 	0100 	3662 	292 	292 	5120 	0 	290 	2317 	07:32 	 1 	 0 	 1 	 3
02.12.2008 	07:02:00 	0000 	0002 	0026 	0009 	0100 	3673 	288 	288 	5120 	0 	290 	2318 	07:38 	 1 	 0 	 1 	 3
02.12.2008 	07:03:01 	0000 	0002 	0024 	0009 	0100 	3659 	306 	306 	5120 	0 	290 	2318 	07:11 	 1 	 0 	 1 	 3
02.12.2008 	07:04:01 	0000 	0002 	0024 	0009 	0100 	3667 	282 	282 	5120 	0 	290 	2317 	07:48 	 1 	 0 	 1 	 3
02.12.2008 	07:05:01 	0000 	0002 	0025 	0009 	0100 	3673 	279 	279 	5120 	0 	290 	2318 	07:53 	 1 	 0 	 1 	 3
02.12.2008 	07:06:01 	0000 	0002 	0023 	0009 	0100 	3657 	309 	309 	5120 	0 	290 	2318 	07:07 	 1 	 0 	 1 	 3
02.12.2008 	07:07:01 	0000 	0002 	0021 	0009 	0100 	3630 	369 	369 	5120 	0 	290 	2331 	05:57 	 1 	 0 	 1 	 3
02.12.2008 	07:08:01 	0000 	0002 	0023 	0009 	0100 	3640 	385 	385 	5120 	0 	290 	2318 	05:42 	 1 	 0 	 1 	 3
02.12.2008 	07:09:01 	0000 	0002 	0022 	0009 	0100 	3654 	280 	280 	5120 	0 	290 	2317 	07:51 	 1 	 0 	 1 	 3
02.12.2008 	07:10:01 	0000 	0002 	0022 	0009 	0100 	3654 	289 	289 	5120 	0 	290 	2318 	07:36 	 1 	 0 	 1 	 3
02.12.2008 	07:11:02 	0000 	0002 	0022 	0009 	0100 	3651 	309 	309 	5120 	0 	290 	2317 	07:07 	 1 	 0 	 1 	 3
02.12.2008 	07:12:02 	0000 	0002 	0024 	0009 	0100 	3665 	285 	285 	5120 	0 	290 	2318 	07:43 	 1 	 0 	 1 	 3
02.12.2008 	07:13:02 	0000 	0002 	0022 	0009 	0100 	3649 	322 	322 	5120 	0 	290 	2318 	06:49 	 1 	 0 	 1 	 3
02.12.2008 	07:14:02 	0000 	0002 	0024 	0009 	0100 	3662 	314 	314 	5120 	0 	290 	2318 	07:00 	 1 	 0 	 1 	 3
02.12.2008 	07:15:02 	0000 	0002 	0025 	0009 	0100 	3673 	283 	283 	5120 	0 	290 	2318 	07:46 	 1 	 0 	 1 	 3
02.12.2008 	07:16:02 	0000 	0002 	0022 	0009 	0100 	3651 	298 	298 	5120 	0 	290 	2317 	07:22 	 1 	 0 	 1 	 3
02.12.2008 	07:17:02 	0000 	0002 	0023 	0009 	0100 	3657 	283 	283 	5120 	0 	290 	2318 	07:46 	 1 	 0 	 1 	 3
02.12.2008 	07:18:02 	0000 	0002 	0025 	0009 	0100 	3670 	301 	301 	5120 	0 	290 	2318 	07:18 	 1 	 0 	 1 	 3
02.12.2008 	07:19:03 	0000 	0002 	0022 	0009 	0100 	3649 	315 	315 	5120 	0 	290 	2317 	06:59 	 1 	 0 	 1 	 3
02.12.2008 	07:20:03 	0000 	0002 	0025 	0009 	0100 	3665 	300 	300 	5120 	0 	290 	2318 	07:19 	 1 	 0 	 1 	 3
02.12.2008 	07:21:03 	0000 	0002 	0022 	0009 	0100 	3649 	302 	302 	5120 	0 	290 	2318 	07:17 	 1 	 0 	 1 	 3
02.12.2008 	07:22:03 	0000 	0002 	0022 	0009 	0100 	3651 	289 	289 	5120 	0 	290 	2317 	07:36 	 1 	 0 	 1 	 3
02.12.2008 	07:23:03 	0000 	0002 	0023 	0009 	0100 	3649 	327 	327 	5120 	0 	290 	2318 	06:43 	 1 	 0 	 1 	 3
02.12.2008 	07:24:03 	0000 	0002 	0022 	0009 	0100 	3646 	309 	309 	5120 	0 	290 	2318 	07:07 	 1 	 0 	 1 	 3
02.12.2008 	07:25:03 	0000 	0002 	0023 	0009 	0100 	3657 	308 	308 	5120 	0 	290 	2317 	07:08 	 1 	 0 	 1 	 3
02.12.2008 	07:26:03 	0000 	0002 	0022 	0009 	0100 	3651 	286 	286 	5120 	0 	290 	2318 	07:41 	 1 	 0 	 1 	 3
02.12.2008 	07:27:04 	0000 	0002 	0023 	0009 	0100 	3654 	293 	293 	5120 	0 	290 	2318 	07:30 	 1 	 0 	 1 	 3
02.12.2008 	07:28:04 	0000 	0002 	0021 	0009 	0100 	3643 	302 	302 	5120 	0 	290 	2318 	07:17 	 1 	 0 	 1 	 3
02.12.2008 	07:29:04 	0000 	0002 	0019 	0009 	0100 	3630 	304 	304 	5120 	0 	290 	2317 	07:14 	 1 	 0 	 1 	 3
02.12.2008 	07:30:04 	0000 	0002 	0023 	0009 	0100 	3657 	301 	301 	5120 	0 	290 	2319 	07:18 	 1 	 0 	 1 	 3
02.12.2008 	07:31:04 	0000 	0002 	0020 	0009 	0100 	3638 	287 	287 	5120 	0 	290 	2318 	07:39 	 1 	 0 	 1 	 3
02.12.2008 	07:32:04 	0000 	0002 	0020 	0009 	0100 	3640 	302 	302 	5120 	0 	290 	2318 	07:17 	 1 	 0 	 1 	 3
02.12.2008 	07:33:04 	0000 	0002 	0020 	0009 	0100 	3638 	307 	307 	5120 	0 	290 	2318 	07:09 	 1 	 0 	 1 	 3
02.12.2008 	07:34:04 	0000 	0002 	0021 	0009 	0100 	3643 	289 	289 	5120 	0 	290 	2318 	07:36 	 1 	 0 	 1 	 3
02.12.2008 	07:35:04 	0000 	0002 	0023 	0009 	0100 	3657 	306 	306 	5120 	0 	290 	2318 	07:11 	 1 	 0 	 1 	 3
02.12.2008 	07:36:05 	0000 	0002 	0020 	0009 	0100 	3638 	306 	306 	5120 	0 	290 	2317 	07:11 	 1 	 0 	 1 	 3
02.12.2008 	07:37:05 	0000 	0002 	0023 	0009 	0100 	3657 	307 	307 	5120 	0 	290 	2317 	07:09 	 1 	 0 	 1 	 3
02.12.2008 	07:38:05 	0000 	0002 	0023 	0009 	0100 	3651 	322 	322 	5120 	0 	290 	2318 	06:49 	 1 	 0 	 1 	 3
02.12.2008 	07:39:05 	0000 	0002 	0020 	0009 	0100 	3638 	292 	292 	5120 	0 	290 	2317 	07:32 	 1 	 0 	 1 	 3
02.12.2008 	07:40:05 	0000 	0002 	0022 	0009 	0100 	3646 	309 	309 	5120 	0 	290 	2317 	07:07 	 1 	 0 	 1 	 3
02.12.2008 	07:41:05 	0000 	0002 	0018 	0009 	0100 	3608 	411 	411 	5120 	0 	290 	2318 	05:21 	 1 	 0 	 1 	 3
02.12.2008 	07:42:05 	0000 	0002 	0017 	0009 	0100 	3605 	410 	410 	5120 	0 	290 	2318 	05:21 	 1 	 0 	 1 	 3
02.12.2008 	07:43:05 	0000 	0002 	0020 	0009 	0100 	3635 	307 	307 	5120 	0 	290 	2317 	07:09 	 1 	 0 	 1 	 3
02.12.2008 	07:44:06 	0000 	0002 	0018 	0009 	0100 	3630 	282 	282 	5120 	0 	290 	2318 	07:48 	 1 	 0 	 1 	 3
02.12.2008 	07:45:06 	0000 	0002 	0021 	0009 	0100 	3646 	288 	288 	5120 	0 	290 	2317 	07:38 	 1 	 0 	 1 	 3
02.12.2008 	07:46:06 	0000 	0002 	0017 	0009 	0100 	3621 	296 	296 	5120 	0 	290 	2317 	07:25 	 1 	 0 	 1 	 3
02.12.2008 	07:47:06 	0000 	0002 	0019 	0009 	0100 	3630 	313 	313 	5120 	0 	290 	2318 	07:01 	 1 	 0 	 1 	 3
02.12.2008 	07:48:06 	0000 	0002 	0020 	0009 	0100 	3638 	288 	288 	5120 	0 	290 	2318 	07:38 	 1 	 0 	 1 	 3
02.12.2008 	07:49:06 	0000 	0002 	0019 	0009 	0100 	3630 	294 	294 	5120 	0 	290 	2318 	07:28 	 1 	 0 	 1 	 3
02.12.2008 	07:50:06 	0000 	0002 	0020 	0009 	0100 	3638 	279 	279 	5120 	0 	290 	2318 	07:53 	 1 	 0 	 1 	 3
02.12.2008 	07:51:06 	0000 	0002 	0018 	0009 	0100 	3630 	285 	285 	5120 	0 	290 	2318 	07:43 	 1 	 0 	 1 	 3
02.12.2008 	07:52:07 	0000 	0002 	0017 	0009 	0100 	3619 	315 	315 	5120 	0 	290 	2318 	06:59 	 1 	 0 	 1 	 3
02.12.2008 	07:53:07 	0000 	0002 	0019 	0009 	0100 	3632 	293 	293 	5120 	0 	300 	2318 	07:30 	 1 	 0 	 1 	 3
02.12.2008 	07:54:07 	0000 	0002 	0018 	0009 	0100 	3624 	303 	303 	5120 	0 	290 	2318 	07:15 	 1 	 0 	 1 	 3
02.12.2008 	07:55:07 	0000 	0002 	0018 	0009 	0100 	3624 	296 	296 	5120 	0 	290 	2318 	07:25 	 1 	 0 	 1 	 3
02.12.2008 	07:56:07 	0000 	0002 	0016 	0009 	0100 	3616 	290 	290 	5120 	0 	290 	2317 	07:35 	 1 	 0 	 1 	 3
02.12.2008 	07:57:07 	0000 	0002 	0017 	0009 	0100 	3621 	302 	302 	5120 	0 	290 	2317 	07:17 	 1 	 0 	 1 	 3
02.12.2008 	07:58:07 	0000 	0002 	0019 	0009 	0100 	3632 	293 	293 	5120 	0 	290 	2317 	07:30 	 1 	 0 	 1 	 3
02.12.2008 	07:59:07 	0000 	0002 	0017 	0009 	0100 	3621 	297 	297 	5120 	0 	290 	2318 	07:24 	 1 	 0 	 1 	 3
02.12.2008 	08:00:07 	0000 	0002 	0018 	0009 	0100 	3627 	304 	304 	5120 	0 	290 	2317 	07:14 	 1 	 0 	 1 	 3
02.12.2008 	08:01:08 	0000 	0002 	0019 	0009 	0100 	3638 	268 	268 	5120 	0 	290 	2318 	08:12 	 1 	 0 	 1 	 3
02.12.2008 	08:02:08 	0000 	0002 	0017 	0009 	0100 	3619 	290 	290 	5120 	0 	290 	2318 	07:35 	 1 	 0 	 1 	 3
02.12.2008 	08:03:08 	0000 	0002 	0018 	0009 	0100 	3630 	267 	267 	5120 	0 	290 	2317 	08:14 	 1 	 0 	 1 	 3
02.12.2008 	08:04:08 	0000 	0002 	0016 	0009 	0100 	3616 	295 	295 	5120 	0 	290 	2317 	07:27 	 1 	 0 	 1 	 3
02.12.2008 	08:05:08 	0000 	0002 	0016 	0009 	0100 	3616 	301 	301 	5120 	0 	290 	2317 	07:18 	 1 	 0 	 1 	 3
02.12.2008 	08:06:08 	0000 	0002 	0016 	0009 	0100 	3616 	302 	302 	5120 	0 	290 	2317 	07:17 	 1 	 0 	 1 	 3
02.12.2008 	08:07:08 	0000 	0002 	0015 	0009 	0100 	3608 	292 	292 	5120 	0 	290 	2317 	07:32 	 1 	 0 	 1 	 3
02.12.2008 	08:08:08 	0000 	0002 	0018 	0009 	0100 	3624 	313 	313 	5120 	0 	290 	2320 	07:01 	 1 	 0 	 1 	 3
02.12.2008 	08:09:09 	0000 	0002 	0016 	0009 	0100 	3616 	277 	277 	5120 	0 	290 	2318 	07:56 	 1 	 0 	 1 	 3
02.12.2008 	08:10:09 	0000 	0002 	0016 	0009 	0100 	3611 	297 	297 	5120 	0 	290 	2318 	07:24 	 1 	 0 	 1 	 3
02.12.2008 	08:11:09 	0000 	0002 	0018 	0009 	0100 	3627 	302 	302 	5120 	0 	290 	2317 	07:17 	 1 	 0 	 1 	 3
02.12.2008 	08:12:09 	0000 	0002 	0015 	0009 	0100 	3605 	300 	300 	5120 	0 	290 	2317 	07:19 	 1 	 0 	 1 	 3
02.12.2008 	08:13:09 	0000 	0002 	0015 	0009 	0100 	3611 	291 	291 	5120 	0 	290 	2317 	07:33 	 1 	 0 	 1 	 3
02.12.2008 	08:14:09 	0000 	0002 	0015 	0009 	0100 	3608 	286 	286 	5120 	0 	290 	2318 	07:41 	 1 	 0 	 1 	 3
02.12.2008 	08:15:09 	0000 	0002 	0014 	0009 	0100 	3602 	296 	296 	5120 	0 	290 	2317 	07:25 	 1 	 0 	 1 	 3
02.12.2008 	08:16:09 	0000 	0002 	0018 	0009 	0100 	3624 	301 	301 	5120 	0 	290 	2318 	07:18 	 1 	 0 	 1 	 3
02.12.2008 	08:17:10 	0000 	0002 	0014 	0009 	0100 	3602 	301 	301 	5120 	0 	290 	2317 	07:18 	 1 	 0 	 1 	 3
02.12.2008 	08:18:10 	0000 	0002 	0015 	0009 	0100 	3605 	303 	303 	5120 	0 	290 	2317 	07:15 	 1 	 0 	 1 	 3
02.12.2008 	08:19:10 	0000 	0002 	0015 	0009 	0100 	3613 	282 	282 	5120 	0 	290 	2318 	07:48 	 1 	 0 	 1 	 3
02.12.2008 	08:20:10 	0000 	0002 	0014 	0009 	0100 	3602 	286 	286 	5120 	0 	290 	2318 	07:41 	 1 	 0 	 1 	 3
02.12.2008 	08:21:10 	0000 	0002 	0017 	0009 	0100 	3616 	314 	314 	5120 	0 	290 	2317 	07:00 	 1 	 0 	 1 	 3
02.12.2008 	08:22:10 	0000 	0002 	0016 	0009 	0100 	3611 	319 	319 	5120 	0 	290 	2317 	06:53 	 1 	 0 	 1 	 3
02.12.2008 	08:23:10 	0000 	0002 	0014 	0009 	0100 	3602 	308 	308 	5120 	0 	290 	2318 	07:08 	 1 	 0 	 1 	 3
02.12.2008 	08:24:10 	0000 	0002 	0016 	0009 	0100 	3616 	301 	301 	5120 	0 	290 	2318 	07:18 	 1 	 0 	 1 	 3
02.12.2008 	08:25:10 	0000 	0002 	0013 	0009 	0100 	3600 	289 	289 	5120 	0 	290 	2318 	07:36 	 1 	 0 	 1 	 3
02.12.2008 	08:26:11 	0000 	0004 	0011 	0009 	0100 	3567 	422 	422 	5120 	0 	300 	2319 	05:12 	 1 	 0 	 1 	 3
02.12.2008 	08:27:11 	0000 	0004 	0009 	0009 	0100 	3556 	406 	406 	5120 	0 	300 	2318 	05:25 	 1 	 0 	 1 	 3
02.12.2008 	08:28:11 	0000 	0004 	0009 	0009 	0100 	3551 	428 	428 	5120 	0 	300 	2319 	05:08 	 1 	 0 	 1 	 3
02.12.2008 	08:29:11 	0000 	0004 	0012 	0009 	0100 	3570 	448 	448 	5120 	0 	300 	2318 	04:54 	 1 	 0 	 1 	 3
02.12.2008 	08:30:11 	0000 	0004 	0008 	0009 	0100 	3546 	431 	431 	5120 	0 	300 	2317 	05:06 	 1 	 0 	 1 	 3
02.12.2008 	08:31:11 	0000 	0004 	0011 	0009 	0100 	3567 	421 	421 	5120 	0 	300 	2318 	05:13 	 1 	 0 	 1 	 3
02.12.2008 	08:32:11 	0000 	0004 	0010 	0009 	0100 	3559 	411 	411 	5120 	0 	300 	2318 	05:21 	 1 	 0 	 1 	 3
02.12.2008 	08:33:11 	0000 	0004 	0009 	0009 	0100 	3551 	420 	420 	5120 	0 	300 	2317 	05:14 	 1 	 0 	 1 	 3
02.12.2008 	08:34:12 	0000 	0004 	0007 	0009 	0100 	3546 	402 	402 	5120 	0 	300 	2319 	05:28 	 1 	 0 	 1 	 3
02.12.2008 	08:35:12 	0000 	0004 	0007 	0009 	0100 	3543 	423 	423 	5120 	0 	300 	2316 	05:12 	 1 	 0 	 1 	 3
02.12.2008 	08:36:12 	0000 	0004 	0006 	0009 	0100 	3532 	445 	445 	5120 	0 	300 	2317 	04:56 	 1 	 0 	 1 	 3
02.12.2008 	08:37:12 	0000 	0004 	0009 	0009 	0100 	3556 	415 	415 	5120 	0 	300 	2318 	05:18 	 1 	 0 	 1 	 3
02.12.2008 	08:38:12 	0000 	0004 	0006 	0009 	0100 	3535 	413 	413 	5120 	0 	300 	2319 	05:19 	 1 	 0 	 1 	 3
02.12.2008 	08:39:12 	0000 	0004 	0010 	0009 	0100 	3559 	416 	416 	5120 	0 	300 	2318 	05:17 	 1 	 0 	 1 	 3
02.12.2008 	08:40:12 	0000 	0004 	0007 	0009 	0100 	3540 	422 	422 	5120 	0 	300 	2319 	05:12 	 1 	 0 	 1 	 3
02.12.2008 	08:41:12 	0000 	0004 	0007 	0009 	0100 	3543 	431 	431 	5120 	0 	300 	2318 	05:06 	 1 	 0 	 1 	 3
02.12.2008 	08:42:13 	0000 	0004 	0008 	0009 	0100 	3548 	436 	436 	5120 	0 	310 	2317 	05:02 	 1 	 0 	 1 	 3
02.12.2008 	08:43:13 	0000 	0004 	0006 	0009 	0100 	3537 	430 	430 	5120 	0 	310 	2317 	05:06 	 1 	 0 	 1 	 3
02.12.2008 	08:44:13 	0000 	0004 	0006 	0009 	0100 	3537 	419 	419 	5120 	0 	310 	2317 	05:15 	 1 	 0 	 1 	 3
02.12.2008 	08:45:13 	0000 	0004 	0005 	0009 	0100 	3532 	403 	403 	5120 	0 	310 	2319 	05:27 	 1 	 0 	 1 	 3
02.12.2008 	08:46:13 	0000 	0004 	0005 	0009 	0100 	3527 	432 	432 	5120 	0 	310 	2319 	05:05 	 1 	 0 	 1 	 3
02.12.2008 	08:47:13 	0000 	0004 	0008 	0009 	0100 	3548 	418 	418 	5120 	0 	310 	2317 	05:15 	 1 	 0 	 1 	 3
02.12.2008 	08:48:13 	0000 	0004 	0003 	0009 	0100 	3497 	568 	568 	5120 	0 	310 	2317 	03:52 	 1 	 0 	 1 	 3
02.12.2008 	08:49:13 	0000 	0004 	0002 	0009 	0100 	3510 	432 	432 	5120 	0 	310 	2318 	05:05 	 1 	 0 	 1 	 3
02.12.2008 	08:50:14 	0000 	0004 	0004 	0009 	0100 	3518 	442 	442 	5120 	0 	310 	2320 	04:58 	 1 	 0 	 1 	 3
02.12.2008 	08:51:14 	0000 	0004 	0005 	0009 	0100 	3529 	421 	421 	5120 	0 	310 	2317 	05:13 	 1 	 0 	 1 	 3
02.12.2008 	08:52:14 	0000 	0004 	0004 	0009 	0100 	3518 	440 	440 	5120 	0 	310 	2317 	05:00 	 1 	 0 	 1 	 3
02.12.2008 	08:53:14 	0000 	0004 	0003 	0009 	0100 	3516 	445 	445 	5120 	0 	310 	2318 	04:56 	 1 	 0 	 1 	 3
02.12.2008 	08:54:14 	0000 	0004 	0006 	0009 	0100 	3535 	411 	411 	5120 	0 	310 	2317 	05:21 	 1 	 0 	 1 	 3
02.12.2008 	08:55:14 	0000 	0004 	0003 	0009 	0100 	3518 	420 	420 	5120 	0 	310 	2318 	05:14 	 1 	 0 	 1 	 3
02.12.2008 	08:56:14 	0000 	0004 	0003 	0009 	0100 	3516 	435 	435 	5120 	0 	310 	2318 	05:03 	 1 	 0 	 1 	 3
02.12.2008 	08:57:14 	0000 	0004 	0005 	0009 	0100 	3527 	443 	443 	5120 	0 	310 	2318 	04:57 	 1 	 0 	 1 	 3
02.12.2008 	08:58:14 	0000 	0004 	0002 	0009 	0100 	3508 	429 	429 	5120 	0 	310 	2319 	05:07 	 1 	 0 	 1 	 3
02.12.2008 	08:59:15 	0000 	0004 	0002 	0009 	0100 	3510 	432 	432 	5120 	0 	310 	2318 	05:05 	 1 	 0 	 1 	 3
02.12.2008 	09:00:15 	0000 	0004 	0001 	0009 	0100 	3510 	412 	412 	5120 	0 	310 	2318 	05:20 	 1 	 0 	 1 	 3
02.12.2008 	09:01:15 	0000 	0004 	0000 	0009 	0100 	3497 	406 	406 	5120 	0 	310 	2318 	05:25 	 1 	 0 	 1 	 3
02.12.2008 	09:02:15 	0000 	0004 	0003 	0009 	0100 	3518 	434 	434 	5120 	0 	310 	2317 	05:04 	 1 	 0 	 1 	 3
02.12.2008 	09:03:15 	0000 	0004 	0000 	0009 	0100 	3494 	418 	418 	5120 	0 	310 	2318 	05:15 	 1 	 0 	 1 	 3
02.12.2008 	09:04:15 	0000 	0004 	0002 	0009 	0100 	3510 	431 	431 	5120 	0 	310 	2317 	05:06 	 1 	 0 	 1 	 3
02.12.2008 	09:05:15 	0000 	0004 	0002 	0009 	0100 	3510 	418 	418 	5120 	0 	310 	2318 	05:15 	 1 	 0 	 1 	 3
02.12.2008 	09:06:15 	0000 	0004 	0000 	0009 	0100 	3497 	418 	418 	5120 	0 	310 	2318 	05:15 	 1 	 0 	 1 	 3
02.12.2008 	09:07:16 	0000 	0004 	0000 	0009 	0100 	3494 	420 	420 	5120 	0 	310 	2318 	05:14 	 1 	 0 	 1 	 3
02.12.2008 	09:08:16 	0000 	0004 	0000 	0009 	0100 	3491 	409 	409 	5120 	0 	310 	2318 	05:22 	 1 	 0 	 1 	 3
02.12.2008 	09:09:16 	0000 	0004 	0000 	0009 	0100 	3486 	426 	426 	5120 	0 	310 	2316 	05:09 	 1 	 0 	 1 	 3
02.12.2008 	09:10:16 	0000 	0004 	0000 	0009 	0100 	3494 	447 	447 	5120 	0 	310 	2318 	04:55 	 1 	 0 	 1 	 3
02.12.2008 	09:11:16 	0000 	0004 	0000 	0009 	0100 	3478 	440 	440 	5120 	0 	310 	2317 	05:00 	 1 	 0 	 1 	 3
02.12.2008 	09:12:16 	0000 	0004 	0000 	0009 	0100 	3491 	454 	454 	5120 	0 	310 	2317 	04:50 	 1 	 0 	 1 	 3
02.12.2008 	09:13:16 	0000 	0004 	0000 	0009 	0100 	3483 	407 	407 	5120 	0 	310 	2317 	05:24 	 1 	 0 	 1 	 3
02.12.2008 	09:14:16 	0000 	0004 	0000 	0009 	0100 	3483 	448 	448 	5120 	0 	310 	2318 	04:54 	 1 	 0 	 1 	 3
02.12.2008 	09:15:17 	0000 	0004 	0000 	0009 	0100 	3483 	408 	408 	5120 	0 	320 	2317 	05:23 	 1 	 0 	 1 	 3
02.12.2008 	09:16:17 	0000 	0004 	0000 	0009 	0100 	3470 	427 	427 	5120 	0 	320 	2318 	05:09 	 1 	 0 	 1 	 3
02.12.2008 	09:17:17 	0000 	0004 	0000 	0009 	0100 	3470 	438 	438 	5120 	0 	320 	2319 	05:01 	 1 	 0 	 1 	 3
02.12.2008 	09:18:17 	0000 	0004 	0000 	0009 	0100 	3467 	430 	430 	5120 	0 	320 	2318 	05:06 	 1 	 0 	 1 	 3
02.12.2008 	09:19:17 	0000 	0004 	0000 	0009 	0100 	3459 	424 	424 	5120 	0 	320 	2317 	05:11 	 1 	 0 	 1 	 3
02.12.2008 	09:20:17 	0000 	0004 	0000 	0009 	0100 	3481 	413 	413 	5120 	0 	320 	2319 	05:19 	 1 	 0 	 1 	 3
02.12.2008 	09:21:17 	0000 	0004 	0000 	0009 	0100 	3453 	436 	436 	5120 	0 	320 	2319 	05:02 	 1 	 0 	 1 	 3
02.12.2008 	09:22:17 	0000 	0004 	0000 	0009 	0100 	3453 	448 	448 	5120 	0 	320 	2316 	04:54 	 1 	 0 	 1 	 3
02.12.2008 	09:23:17 	0000 	0004 	0000 	0009 	0100 	3464 	447 	447 	5120 	0 	320 	2317 	04:55 	 1 	 0 	 1 	 3
02.12.2008 	09:24:18 	0000 	0004 	0000 	0009 	0100 	3445 	443 	443 	5120 	0 	320 	2318 	04:57 	 1 	 0 	 1 	 3
02.12.2008 	09:25:18 	0000 	0004 	0000 	0009 	0100 	3448 	431 	431 	5120 	0 	320 	2317 	05:06 	 1 	 0 	 1 	 3
02.12.2008 	09:26:18 	0000 	0004 	0000 	0009 	0100 	3440 	413 	413 	5120 	0 	320 	2318 	05:19 	 1 	 0 	 1 	 3
02.12.2008 	09:27:18 	0000 	0004 	0000 	0009 	0100 	3391 	565 	565 	5120 	0 	320 	2316 	03:53 	 1 	 0 	 1 	 3
02.12.2008 	09:28:18 	0000 	0004 	0000 	0009 	0100 	3402 	451 	451 	5120 	0 	320 	2317 	04:52 	 1 	 0 	 1 	 3
02.12.2008 	09:29:19 	0000 	0004 	0000 	0009 	0100 	3421 	446 	446 	5120 	0 	320 	2318 	04:55 	 1 	 0 	 1 	 3
02.12.2008 	09:30:19 	0000 	0004 	0000 	0009 	0100 	3416 	438 	438 	5120 	0 	320 	2317 	05:01 	 1 	 0 	 1 	 3
02.12.2008 	09:31:19 	0000 	0004 	0000 	0009 	0100 	3424 	425 	425 	5120 	0 	320 	2317 	05:10 	 1 	 0 	 1 	 3
02.12.2008 	09:32:19 	0000 	0004 	0000 	0009 	0100 	3402 	434 	434 	5120 	0 	320 	2318 	05:04 	 1 	 0 	 1 	 3
02.12.2008 	09:33:19 	0000 	0004 	0000 	0009 	0100 	3421 	426 	426 	5120 	0 	320 	2318 	05:09 	 1 	 0 	 1 	 3
02.12.2008 	09:34:19 	0000 	0004 	0000 	0009 	0100 	3413 	425 	425 	5120 	0 	320 	2317 	05:10 	 1 	 0 	 1 	 3
02.12.2008 	09:35:19 	0000 	0004 	0000 	0009 	0100 	3399 	447 	447 	5120 	0 	320 	2319 	04:55 	 1 	 0 	 1 	 3
02.12.2008 	09:36:19 	0000 	0004 	0000 	0009 	0100 	3399 	440 	440 	5120 	0 	320 	2317 	05:00 	 1 	 0 	 1 	 3
02.12.2008 	09:37:20 	0000 	0004 	0000 	0009 	0100 	3383 	448 	448 	5120 	0 	320 	2317 	04:54 	 1 	 0 	 1 	 3
02.12.2008 	09:38:20 	0000 	0004 	0000 	0009 	0100 	3378 	436 	436 	5120 	0 	320 	2316 	05:02 	 1 	 0 	 1 	 3
02.12.2008 	09:39:20 	0000 	0004 	0000 	0009 	0100 	3375 	451 	451 	5120 	0 	320 	2318 	04:52 	 1 	 0 	 1 	 3
02.12.2008 	09:40:20 	0000 	0004 	0000 	0009 	0100 	3386 	420 	420 	5120 	0 	320 	2317 	05:14 	 1 	 0 	 1 	 3
02.12.2008 	09:41:20 	0000 	0004 	0000 	0009 	0100 	3345 	467 	467 	5120 	0 	320 	2319 	04:42 	 1 	 0 	 1 	 3
02.12.2008 	09:42:20 	0000 	0004 	0000 	0009 	0100 	3340 	441 	441 	5120 	0 	320 	2318 	04:59 	 1 	 0 	 1 	 3
02.12.2008 	09:43:20 	0000 	0004 	0000 	0009 	0100 	3340 	450 	450 	5120 	0 	320 	2317 	04:53 	 1 	 0 	 1 	 3
02.12.2008 	09:44:20 	0000 	0004 	0000 	0009 	0100 	3326 	450 	450 	5120 	0 	320 	2317 	04:53 	 1 	 0 	 1 	 3
02.12.2008 	09:45:20 	0000 	0004 	0000 	0009 	0100 	3307 	448 	448 	5120 	0 	320 	2318 	04:54 	 1 	 0 	 1 	 3
02.12.2008 	09:46:21 	0000 	0004 	0000 	0009 	0100 	3329 	458 	458 	5120 	0 	320 	2316 	04:48 	 1 	 0 	 1 	 3
02.12.2008 	09:47:21 	0000 	0004 	0000 	0009 	0100 	3296 	465 	465 	5120 	0 	320 	2316 	04:43 	 1 	 0 	 1 	 3
02.12.2008 	09:48:21 	0000 	0004 	0000 	0009 	0100 	3294 	451 	451 	5120 	0 	320 	2318 	04:52 	 1 	 0 	 1 	 3
02.12.2008 	09:49:21 	0001 	0008 	0048 	0009 	0100 	3792 	1155 	1155 	5120 	0 	330 	2317 	01:54 	 1 	 0 	 1 	 4
02.12.2008 	09:50:21 	0001 	0008 	0058 	0009 	0100 	3852 	1155 	1155 	5120 	0 	340 	2319 	01:54 	 1 	 0 	 1 	 4
02.12.2008 	09:51:21 	0001 	0008 	0063 	0009 	0100 	3881 	1155 	1155 	5120 	0 	360 	2319 	01:54 	 1 	 0 	 1 	 4
02.12.2008 	09:52:21 	0001 	0008 	0067 	0009 	0100 	3903 	1155 	1155 	5120 	0 	360 	2319 	01:54 	 1 	 0 	 1 	 4
02.12.2008 	09:53:21 	0001 	0008 	0069 	0009 	0100 	3917 	1155 	1155 	5120 	0 	370 	2317 	01:54 	 0 	 0 	 1 	 4
